# ST_L_107_602
# 2460833.33370
# apert     q         sq           u           su         PD          sPD        EVPA        sEVPA       x0     y0    x1       y1      x2     y2     x3      y3
 9.0    -0.00284     0.00115     0.00428     0.00112     0.00514     0.00113    61.77407     6.50215 1040.07 1078.66 1040.56  979.32 1088.29 1024.22  989.07 1023.81
10.0    -0.00329     0.00117     0.00421     0.00115     0.00535     0.00116    64.00497     6.39879 1040.07 1078.66 1040.56  979.32 1088.29 1024.22  989.07 1023.81
11.0    -0.00338     0.00120     0.00407     0.00118     0.00529     0.00119    64.85670     6.65859 1040.07 1078.66 1040.56  979.32 1088.29 1024.22  989.07 1023.81
12.0    -0.00400     0.00124     0.00401     0.00121     0.00566     0.00123    67.46114     6.41285 1040.07 1078.66 1040.56  979.32 1088.29 1024.22  989.07 1023.81
13.0    -0.00439     0.00128     0.00381     0.00126     0.00581     0.00127    69.52252     6.47191 1040.07 1078.66 1040.56  979.32 1088.29 1024.22  989.07 1023.81
14.0    -0.00467     0.00133     0.00335     0.00131     0.00575     0.00132    72.16024     6.82664 1040.07 1078.66 1040.56  979.32 1088.29 1024.22  989.07 1023.81
15.0    -0.00509     0.00138     0.00308     0.00136     0.00595     0.00138    74.39786     6.88359 1040.07 1078.66 1040.56  979.32 1088.29 1024.22  989.07 1023.81
