# BD+40.2704
# 2460829.30576
# apert     q         sq           u           su         PD          sPD        EVPA        sEVPA       x0     y0    x1       y1      x2     y2     x3      y3
11.0     0.00204     0.00104    -0.00241     0.00102     0.00315     0.00103   -24.87353    10.09898 1038.38 1083.37 1038.90  984.05 1083.51 1029.16  984.10 1028.74
12.0     0.00205     0.00105    -0.00282     0.00103     0.00349     0.00104   -27.01929     9.08508 1038.38 1083.37 1038.90  984.05 1083.51 1029.16  984.10 1028.74
13.0     0.00205     0.00106    -0.00322     0.00104     0.00382     0.00105   -28.73745     8.29898 1038.38 1083.37 1038.90  984.05 1083.51 1029.16  984.10 1028.74
14.0     0.00212     0.00108    -0.00345     0.00106     0.00405     0.00106   -29.20035     7.87992 1038.38 1083.37 1038.90  984.05 1083.51 1029.16  984.10 1028.74
15.0     0.00220     0.00109    -0.00378     0.00107     0.00438     0.00108   -29.91102     7.36154 1038.38 1083.37 1038.90  984.05 1083.51 1029.16  984.10 1028.74
16.0     0.00250     0.00111    -0.00409     0.00109     0.00480     0.00110   -29.30783     6.78867 1038.38 1083.37 1038.90  984.05 1083.51 1029.16  984.10 1028.74
17.0     0.00270     0.00113    -0.00422     0.00111     0.00502     0.00112   -28.68315     6.60357 1038.38 1083.37 1038.90  984.05 1083.51 1029.16  984.10 1028.74
