# BD+33.2642
# 2460830.54314
# apert     q         sq           u           su         PD          sPD        EVPA        sEVPA       x0     y0    x1       y1      x2     y2     x3      y3
11.0    -0.00022     0.00166    -0.00578     0.00164     0.00579     0.00164   -46.07926     8.56758 1037.21 1081.32 1037.71  981.88 1083.67 1027.16  984.15 1026.73
12.0     0.00054     0.00169    -0.00611     0.00166     0.00613     0.00166   -42.47408     8.19422 1037.21 1081.32 1037.71  981.88 1083.67 1027.16  984.15 1026.73
13.0     0.00097     0.00173    -0.00665     0.00170     0.00672     0.00170   -40.86144     7.57758 1037.21 1081.32 1037.71  981.88 1083.67 1027.16  984.15 1026.73
14.0     0.00140     0.00177    -0.00725     0.00174     0.00738     0.00174   -39.51995     7.01437 1037.21 1081.32 1037.71  981.88 1083.67 1027.16  984.15 1026.73
15.0     0.00204     0.00182    -0.00783     0.00178     0.00809     0.00178   -37.68827     6.53027 1037.21 1081.32 1037.71  981.88 1083.67 1027.16  984.15 1026.73
16.0     0.00272     0.00187    -0.00800     0.00183     0.00845     0.00183   -35.62659     6.42445 1037.21 1081.32 1037.71  981.88 1083.67 1027.16  984.15 1026.73
17.0     0.00319     0.00193    -0.00802     0.00189     0.00863     0.00189   -34.15010     6.48844 1037.21 1081.32 1037.71  981.88 1083.67 1027.16  984.15 1026.73
