# BD+40.2704
# 2460834.28851
# apert     q         sq           u           su         PD          sPD        EVPA        sEVPA       x0     y0    x1       y1      x2     y2     x3      y3
11.0     0.00168     0.00104     0.00319     0.00103     0.00361     0.00103    31.12413     8.66004 1037.23 1084.42 1037.72  985.16 1084.94 1030.13  985.65 1029.72
12.0     0.00183     0.00105     0.00322     0.00104     0.00370     0.00104    30.21127     8.51906 1037.23 1084.42 1037.72  985.16 1084.94 1030.13  985.65 1029.72
13.0     0.00180     0.00106     0.00306     0.00105     0.00355     0.00105    29.74723     9.04887 1037.23 1084.42 1037.72  985.16 1084.94 1030.13  985.65 1029.72
14.0     0.00196     0.00108     0.00286     0.00106     0.00347     0.00107    27.78610     9.44121 1037.23 1084.42 1037.72  985.16 1084.94 1030.13  985.65 1029.72
15.0     0.00210     0.00110     0.00275     0.00108     0.00346     0.00109    26.30841     9.64652 1037.23 1084.42 1037.72  985.16 1084.94 1030.13  985.65 1029.72
16.0     0.00225     0.00112     0.00258     0.00110     0.00342     0.00111    24.45777     9.98789 1037.23 1084.42 1037.72  985.16 1084.94 1030.13  985.65 1029.72
17.0     0.00253     0.00114     0.00256     0.00112     0.00361     0.00113    22.65986     9.63211 1037.23 1084.42 1037.72  985.16 1084.94 1030.13  985.65 1029.72
