# ST_L_107_602
# 2460833.33124
# apert     q         sq           u           su         PD          sPD        EVPA        sEVPA       x0     y0    x1       y1      x2     y2     x3      y3
 9.0    -0.00654     0.00117     0.00479     0.00114     0.00810     0.00116    71.89281     4.14229 1039.96 1078.29 1040.48  978.97 1088.03 1024.03  988.83 1023.63
10.0    -0.00674     0.00119     0.00499     0.00116     0.00838     0.00118    71.74375     4.08270 1039.96 1078.29 1040.48  978.97 1088.03 1024.03  988.83 1023.63
11.0    -0.00702     0.00122     0.00475     0.00119     0.00848     0.00121    72.97167     4.14457 1039.96 1078.29 1040.48  978.97 1088.03 1024.03  988.83 1023.63
12.0    -0.00766     0.00126     0.00440     0.00122     0.00883     0.00125    75.07050     4.10273 1039.96 1078.29 1040.48  978.97 1088.03 1024.03  988.83 1023.63
13.0    -0.00823     0.00130     0.00390     0.00127     0.00911     0.00129    77.31683     4.11926 1039.96 1078.29 1040.48  978.97 1088.03 1024.03  988.83 1023.63
14.0    -0.00918     0.00135     0.00356     0.00131     0.00985     0.00134    79.39797     3.95438 1039.96 1078.29 1040.48  978.97 1088.03 1024.03  988.83 1023.63
15.0    -0.00942     0.00140     0.00336     0.00137     0.01000     0.00140    80.17337     4.06125 1039.96 1078.29 1040.48  978.97 1088.03 1024.03  988.83 1023.63
