# HD183143
# 2460830.56226
# apert     q         sq           u           su         PD          sPD        EVPA        sEVPA       x0     y0    x1       y1      x2     y2     x3      y3
13.0     0.06431     0.00077    -0.00618     0.00076     0.06461     0.00077    -2.74502     0.33933 1038.56 1082.24 1039.05  982.95 1084.81 1028.23  985.46 1027.82
14.0     0.06434     0.00077    -0.00611     0.00076     0.06463     0.00077    -2.71126     0.34121 1038.56 1082.24 1039.05  982.95 1084.81 1028.23  985.46 1027.82
15.0     0.06434     0.00078    -0.00606     0.00077     0.06462     0.00078    -2.68913     0.34363 1038.56 1082.24 1039.05  982.95 1084.81 1028.23  985.46 1027.82
16.0     0.06441     0.00078    -0.00606     0.00077     0.06469     0.00078    -2.68945     0.34613 1038.56 1082.24 1039.05  982.95 1084.81 1028.23  985.46 1027.82
17.0     0.06442     0.00079    -0.00598     0.00078     0.06470     0.00079    -2.65204     0.34949 1038.56 1082.24 1039.05  982.95 1084.81 1028.23  985.46 1027.82
18.0     0.06442     0.00080    -0.00595     0.00079     0.06469     0.00080    -2.64032     0.35341 1038.56 1082.24 1039.05  982.95 1084.81 1028.23  985.46 1027.82
19.0     0.06448     0.00081    -0.00596     0.00080     0.06475     0.00081    -2.64140     0.35753 1038.56 1082.24 1039.05  982.95 1084.81 1028.23  985.46 1027.82
