# BD+40.2704
# 2460835.29480
# apert     q         sq           u           su         PD          sPD        EVPA        sEVPA       x0     y0    x1       y1      x2     y2     x3      y3
11.0     0.00316     0.00116    -0.00198     0.00115     0.00373     0.00116   -16.06412     9.51328 1038.64 1083.57 1039.11  984.32 1086.79 1029.39  987.50 1028.97
12.0     0.00281     0.00117    -0.00190     0.00116     0.00340     0.00117   -17.02104    10.73074 1038.64 1083.57 1039.11  984.32 1086.79 1029.39  987.50 1028.97
13.0     0.00241     0.00119    -0.00195     0.00117     0.00310     0.00118   -19.51745    12.15246 1038.64 1083.57 1039.11  984.32 1086.79 1029.39  987.50 1028.97
14.0     0.00210     0.00120    -0.00223     0.00119     0.00306     0.00120   -23.39205    12.53391 1038.64 1083.57 1039.11  984.32 1086.79 1029.39  987.50 1028.97
15.0     0.00185     0.00122    -0.00222     0.00121     0.00289     0.00122   -25.10126    13.73484 1038.64 1083.57 1039.11  984.32 1086.79 1029.39  987.50 1028.97
16.0     0.00157     0.00125    -0.00238     0.00123     0.00286     0.00124   -28.28889    14.28328 1038.64 1083.57 1039.11  984.32 1086.79 1029.39  987.50 1028.97
17.0     0.00121     0.00128    -0.00257     0.00126     0.00284     0.00126   -32.36985    14.74594 1038.64 1083.57 1039.11  984.32 1086.79 1029.39  987.50 1028.97
