# BD+32.3739
# 2460835.56002
# apert     q         sq           u           su         PD          sPD        EVPA        sEVPA       x0     y0    x1       y1      x2     y2     x3      y3
11.0     0.00193     0.00107    -0.00464     0.00106     0.00502     0.00106   -33.73416     6.21475 1029.03 1079.57 1029.57  980.20 1077.19 1025.38  977.70 1024.92
12.0     0.00176     0.00108    -0.00457     0.00106     0.00490     0.00107   -34.43976     6.44168 1029.03 1079.57 1029.57  980.20 1077.19 1025.38  977.70 1024.92
13.0     0.00138     0.00109    -0.00458     0.00107     0.00478     0.00108   -36.64650     6.67055 1029.03 1079.57 1029.57  980.20 1077.19 1025.38  977.70 1024.92
14.0     0.00100     0.00110    -0.00476     0.00109     0.00487     0.00109   -39.07162     6.63152 1029.03 1079.57 1029.57  980.20 1077.19 1025.38  977.70 1024.92
15.0     0.00074     0.00112    -0.00489     0.00110     0.00494     0.00110   -40.69632     6.61254 1029.03 1079.57 1029.57  980.20 1077.19 1025.38  977.70 1024.92
16.0     0.00071     0.00114    -0.00492     0.00112     0.00497     0.00112   -40.87998     6.68004 1029.03 1079.57 1029.57  980.20 1077.19 1025.38  977.70 1024.92
17.0     0.00061     0.00116    -0.00510     0.00114     0.00513     0.00114   -41.59582     6.57773 1029.03 1079.57 1029.57  980.20 1077.19 1025.38  977.70 1024.92
