# HD155197
# 2460830.51855
# apert     q         sq           u           su         PD          sPD        EVPA        sEVPA       x0     y0    x1       y1      x2     y2     x3      y3
13.0    -0.03416     0.00085    -0.02299     0.00084     0.04118     0.00084   -73.02999     0.58757 1036.18 1080.33 1036.68  980.94 1083.60 1025.91  984.17 1025.50
14.0    -0.03420     0.00085    -0.02303     0.00084     0.04123     0.00085   -73.02104     0.59106 1036.18 1080.33 1036.68  980.94 1083.60 1025.91  984.17 1025.50
15.0    -0.03417     0.00086    -0.02302     0.00085     0.04120     0.00086   -73.01844     0.59660 1036.18 1080.33 1036.68  980.94 1083.60 1025.91  984.17 1025.50
16.0    -0.03414     0.00087    -0.02314     0.00086     0.04124     0.00087   -72.93990     0.60218 1036.18 1080.33 1036.68  980.94 1083.60 1025.91  984.17 1025.50
17.0    -0.03415     0.00088    -0.02312     0.00087     0.04124     0.00088   -72.94966     0.60942 1036.18 1080.33 1036.68  980.94 1083.60 1025.91  984.17 1025.50
18.0    -0.03404     0.00089    -0.02300     0.00088     0.04108     0.00089   -72.97866     0.62018 1036.18 1080.33 1036.68  980.94 1083.60 1025.91  984.17 1025.50
19.0    -0.03389     0.00091    -0.02295     0.00089     0.04093     0.00090   -72.94661     0.63190 1036.18 1080.33 1036.68  980.94 1083.60 1025.91  984.17 1025.50
