# BD+40.2704
# 2460830.27626
# apert     q         sq           u           su         PD          sPD        EVPA        sEVPA       x0     y0    x1       y1      x2     y2     x3      y3
11.0     0.00391     0.00100    -0.00091     0.00098     0.00401     0.00100    -6.51935     7.43625 1036.41 1079.48 1036.97  980.15 1084.88 1025.34  985.54 1024.87
12.0     0.00372     0.00101    -0.00080     0.00099     0.00380     0.00101    -6.10633     7.96500 1036.41 1079.48 1036.97  980.15 1084.88 1025.34  985.54 1024.87
13.0     0.00352     0.00102    -0.00071     0.00100     0.00360     0.00102    -5.67494     8.58129 1036.41 1079.48 1036.97  980.15 1084.88 1025.34  985.54 1024.87
14.0     0.00340     0.00103    -0.00068     0.00101     0.00347     0.00103    -5.62931     9.05484 1036.41 1079.48 1036.97  980.15 1084.88 1025.34  985.54 1024.87
15.0     0.00338     0.00105    -0.00061     0.00102     0.00343     0.00105    -5.11148     9.31605 1036.41 1079.48 1036.97  980.15 1084.88 1025.34  985.54 1024.87
16.0     0.00343     0.00106    -0.00044     0.00104     0.00346     0.00106    -3.67174     9.41520 1036.41 1079.48 1036.97  980.15 1084.88 1025.34  985.54 1024.87
17.0     0.00343     0.00108    -0.00032     0.00106     0.00345     0.00108    -2.69281     9.65672 1036.41 1079.48 1036.97  980.15 1084.88 1025.34  985.54 1024.87
