# HD183143
# 2460835.55436
# apert     q         sq           u           su         PD          sPD        EVPA        sEVPA       x0     y0    x1       y1      x2     y2     x3      y3
13.0     0.06159     0.00060    -0.00687     0.00059     0.06197     0.00060    -3.18126     0.27621 1044.54 1076.52 1045.08  977.24 1092.76 1022.24  993.57 1021.80
14.0     0.06159     0.00060    -0.00687     0.00059     0.06197     0.00060    -3.18036     0.27717 1044.54 1076.52 1045.08  977.24 1092.76 1022.24  993.57 1021.80
15.0     0.06154     0.00060    -0.00682     0.00059     0.06191     0.00060    -3.16150     0.27864 1044.54 1076.52 1045.08  977.24 1092.76 1022.24  993.57 1021.80
16.0     0.06147     0.00061    -0.00676     0.00059     0.06184     0.00061    -3.13776     0.28045 1044.54 1076.52 1045.08  977.24 1092.76 1022.24  993.57 1021.80
17.0     0.06141     0.00061    -0.00678     0.00060     0.06179     0.00061    -3.15011     0.28245 1044.54 1076.52 1045.08  977.24 1092.76 1022.24  993.57 1021.80
18.0     0.06144     0.00061    -0.00685     0.00060     0.06183     0.00061    -3.17946     0.28431 1044.54 1076.52 1045.08  977.24 1092.76 1022.24  993.57 1021.80
19.0     0.06143     0.00062    -0.00686     0.00061     0.06182     0.00062    -3.18421     0.28668 1044.54 1076.52 1045.08  977.24 1092.76 1022.24  993.57 1021.80
