# HD183143
# 2460835.55449
# apert     q         sq           u           su         PD          sPD        EVPA        sEVPA       x0     y0    x1       y1      x2     y2     x3      y3
13.0     0.06266     0.00060    -0.00625     0.00059     0.06297     0.00060    -2.85027     0.27201 1044.05 1076.34 1044.59  977.06 1093.01 1022.39  993.82 1021.94
14.0     0.06261     0.00060    -0.00627     0.00059     0.06292     0.00060    -2.85988     0.27312 1044.05 1076.34 1044.59  977.06 1093.01 1022.39  993.82 1021.94
15.0     0.06260     0.00060    -0.00631     0.00059     0.06292     0.00060    -2.87771     0.27429 1044.05 1076.34 1044.59  977.06 1093.01 1022.39  993.82 1021.94
16.0     0.06258     0.00061    -0.00630     0.00059     0.06290     0.00061    -2.87382     0.27584 1044.05 1076.34 1044.59  977.06 1093.01 1022.39  993.82 1021.94
17.0     0.06255     0.00061    -0.00623     0.00060     0.06286     0.00061    -2.84408     0.27772 1044.05 1076.34 1044.59  977.06 1093.01 1022.39  993.82 1021.94
18.0     0.06255     0.00061    -0.00614     0.00060     0.06285     0.00061    -2.80398     0.27977 1044.05 1076.34 1044.59  977.06 1093.01 1022.39  993.82 1021.94
19.0     0.06258     0.00062    -0.00610     0.00061     0.06288     0.00062    -2.78442     0.28195 1044.05 1076.34 1044.59  977.06 1093.01 1022.39  993.82 1021.94
