# HD204827
# 2460835.57648
# apert     q         sq           u           su         PD          sPD        EVPA        sEVPA       x0     y0    x1       y1      x2     y2     x3      y3
13.0    -0.02726     0.00048     0.04416     0.00048     0.05190     0.00048    60.84594     0.26333 1039.32 1083.47 1039.86  984.24 1088.17 1029.53  988.89 1029.09
14.0    -0.02741     0.00048     0.04423     0.00048     0.05203     0.00048    60.89201     0.26314 1039.32 1083.47 1039.86  984.24 1088.17 1029.53  988.89 1029.09
15.0    -0.02748     0.00048     0.04427     0.00048     0.05210     0.00048    60.91629     0.26351 1039.32 1083.47 1039.86  984.24 1088.17 1029.53  988.89 1029.09
16.0    -0.02751     0.00049     0.04424     0.00048     0.05209     0.00048    60.93793     0.26450 1039.32 1083.47 1039.86  984.24 1088.17 1029.53  988.89 1029.09
17.0    -0.02752     0.00049     0.04426     0.00048     0.05212     0.00048    60.93601     0.26551 1039.32 1083.47 1039.86  984.24 1088.17 1029.53  988.89 1029.09
18.0    -0.02755     0.00049     0.04426     0.00048     0.05213     0.00049    60.94759     0.26676 1039.32 1083.47 1039.86  984.24 1088.17 1029.53  988.89 1029.09
19.0    -0.02755     0.00049     0.04421     0.00049     0.05209     0.00049    60.96402     0.26852 1039.32 1083.47 1039.86  984.24 1088.17 1029.53  988.89 1029.09
