# HD183143
# 2460830.56190
# apert     q         sq           u           su         PD          sPD        EVPA        sEVPA       x0     y0    x1       y1      x2     y2     x3      y3
13.0     0.06479     0.00076    -0.00721     0.00076     0.06519     0.00076    -3.17495     0.33592 1037.32 1082.76 1037.81  983.48 1084.61 1028.30  985.26 1027.89
14.0     0.06478     0.00077    -0.00732     0.00076     0.06519     0.00077    -3.22192     0.33782 1037.32 1082.76 1037.81  983.48 1084.61 1028.30  985.26 1027.89
15.0     0.06470     0.00077    -0.00742     0.00077     0.06512     0.00077    -3.27026     0.34054 1037.32 1082.76 1037.81  983.48 1084.61 1028.30  985.26 1027.89
16.0     0.06468     0.00078    -0.00747     0.00078     0.06511     0.00078    -3.29457     0.34346 1037.32 1082.76 1037.81  983.48 1084.61 1028.30  985.26 1027.89
17.0     0.06467     0.00079    -0.00745     0.00078     0.06510     0.00079    -3.28739     0.34682 1037.32 1082.76 1037.81  983.48 1084.61 1028.30  985.26 1027.89
18.0     0.06478     0.00080    -0.00753     0.00079     0.06521     0.00080    -3.31442     0.35004 1037.32 1082.76 1037.81  983.48 1084.61 1028.30  985.26 1027.89
19.0     0.06482     0.00081    -0.00760     0.00080     0.06526     0.00081    -3.34400     0.35414 1037.32 1082.76 1037.81  983.48 1084.61 1028.30  985.26 1027.89
