# ST_L_107_602
# 2460783.54689
# apert     q         sq           u           su         PD          sPD        EVPA        sEVPA       x0     y0    x1       y1      x2     y2     x3      y3
11.0    -0.00589     0.00058     0.00317     0.00057     0.00669     0.00058    75.84265     2.48484 1041.24 1068.33 1041.83  968.84 1090.72 1014.01  991.40 1013.54
12.0    -0.00586     0.00058     0.00331     0.00057     0.00673     0.00058    75.25066     2.48836 1041.24 1068.33 1041.83  968.84 1090.72 1014.01  991.40 1013.54
13.0    -0.00587     0.00059     0.00337     0.00058     0.00677     0.00059    75.07307     2.49715 1041.24 1068.33 1041.83  968.84 1090.72 1014.01  991.40 1013.54
14.0    -0.00589     0.00060     0.00340     0.00058     0.00680     0.00059    75.01771     2.51262 1041.24 1068.33 1041.83  968.84 1090.72 1014.01  991.40 1013.54
15.0    -0.00581     0.00060     0.00351     0.00059     0.00678     0.00060    74.43751     2.55261 1041.24 1068.33 1041.83  968.84 1090.72 1014.01  991.40 1013.54
16.0    -0.00568     0.00061     0.00368     0.00060     0.00677     0.00061    73.53920     2.59559 1041.24 1068.33 1041.83  968.84 1090.72 1014.01  991.40 1013.54
17.0    -0.00555     0.00062     0.00388     0.00061     0.00678     0.00062    72.51621     2.63531 1041.24 1068.33 1041.83  968.84 1090.72 1014.01  991.40 1013.54
