# ST_Z_HD121859
# 2460782.53541
# apert     q         sq           u           su         PD          sPD        EVPA        sEVPA       x0     y0    x1       y1      x2     y2     x3      y3
13.0     0.00052     0.00088    -0.00178     0.00088     0.00185     0.00088   -36.88820    16.22109 1046.90 1075.51 1047.50  976.10 1096.64 1021.26  997.30 1020.75
14.0     0.00051     0.00089    -0.00178     0.00089     0.00185     0.00089   -36.95072    16.36770 1046.90 1075.51 1047.50  976.10 1096.64 1021.26  997.30 1020.75
15.0     0.00058     0.00090    -0.00176     0.00090     0.00185     0.00090   -35.91051    16.58953 1046.90 1075.51 1047.50  976.10 1096.64 1021.26  997.30 1020.75
16.0     0.00051     0.00091    -0.00176     0.00091     0.00183     0.00091   -36.93034    17.12531 1046.90 1075.51 1047.50  976.10 1096.64 1021.26  997.30 1020.75
17.0     0.00037     0.00092    -0.00183     0.00092     0.00187     0.00092   -39.30638    16.94215 1046.90 1075.51 1047.50  976.10 1096.64 1021.26  997.30 1020.75
18.0     0.00031     0.00093    -0.00177     0.00093     0.00180     0.00093   -40.04437    18.11953 1046.90 1075.51 1047.50  976.10 1096.64 1021.26  997.30 1020.75
19.0     0.00024     0.00095    -0.00186     0.00095     0.00187     0.00095   -41.31006    17.52961 1046.90 1075.51 1047.50  976.10 1096.64 1021.26  997.30 1020.75
