# BD+33.2642
# 2460835.30770
# apert     q         sq           u           su         PD          sPD        EVPA        sEVPA       x0     y0    x1       y1      x2     y2     x3      y3
11.0     0.00052     0.00165    -0.00106     0.00163     0.00118     0.00163   -31.98038    61.44223 1038.34 1079.79 1038.83  980.40 1086.60 1025.55  987.23 1025.14
12.0     0.00017     0.00169    -0.00094     0.00167     0.00096     0.00167   -39.80614    61.44223 1038.34 1079.79 1038.83  980.40 1086.60 1025.55  987.23 1025.14
13.0    -0.00017     0.00173    -0.00081     0.00171     0.00083     0.00171   -50.92421    61.44223 1038.34 1079.79 1038.83  980.40 1086.60 1025.55  987.23 1025.14
14.0    -0.00060     0.00178    -0.00125     0.00175     0.00139     0.00176   -57.90670    61.44223 1038.34 1079.79 1038.83  980.40 1086.60 1025.55  987.23 1025.14
15.0    -0.00090     0.00183    -0.00160     0.00180     0.00184     0.00181   -59.65104    61.44223 1038.34 1079.79 1038.83  980.40 1086.60 1025.55  987.23 1025.14
16.0    -0.00137     0.00189    -0.00169     0.00186     0.00218     0.00188   -64.50144    61.44223 1038.34 1079.79 1038.83  980.40 1086.60 1025.55  987.23 1025.14
17.0    -0.00223     0.00196    -0.00153     0.00193     0.00270     0.00195   -72.75436    61.44223 1038.34 1079.79 1038.83  980.40 1086.60 1025.55  987.23 1025.14
