# BD+32.3739
# 2460835.56017
# apert     q         sq           u           su         PD          sPD        EVPA        sEVPA       x0     y0    x1       y1      x2     y2     x3      y3
11.0     0.00252     0.00107    -0.00265     0.00106     0.00365     0.00107   -23.20840     8.87660 1028.88 1079.50 1029.43  980.14 1077.59 1025.32  978.12 1024.86
12.0     0.00244     0.00108    -0.00262     0.00107     0.00359     0.00107   -23.51482     9.15855 1028.88 1079.50 1029.43  980.14 1077.59 1025.32  978.12 1024.86
13.0     0.00240     0.00109    -0.00261     0.00108     0.00355     0.00109   -23.70869     9.38707 1028.88 1079.50 1029.43  980.14 1077.59 1025.32  978.12 1024.86
14.0     0.00247     0.00111    -0.00256     0.00110     0.00356     0.00110   -22.98456     9.49289 1028.88 1079.50 1029.43  980.14 1077.59 1025.32  978.12 1024.86
15.0     0.00259     0.00112    -0.00254     0.00111     0.00363     0.00112   -22.22844     9.44719 1028.88 1079.50 1029.43  980.14 1077.59 1025.32  978.12 1024.86
16.0     0.00252     0.00114    -0.00245     0.00113     0.00351     0.00114   -22.08081     9.99703 1028.88 1079.50 1029.43  980.14 1077.59 1025.32  978.12 1024.86
17.0     0.00251     0.00116    -0.00235     0.00115     0.00344     0.00116   -21.57151    10.45687 1028.88 1079.50 1029.43  980.14 1077.59 1025.32  978.12 1024.86
