# HD204827
# 2460835.57693
# apert     q         sq           u           su         PD          sPD        EVPA        sEVPA       x0     y0    x1       y1      x2     y2     x3      y3
13.0    -0.02772     0.00048     0.04383     0.00048     0.05187     0.00048    61.15520     0.26497 1037.89 1081.97 1038.43  982.72 1086.96 1028.05  987.67 1027.60
14.0    -0.02782     0.00049     0.04389     0.00048     0.05196     0.00048    61.18427     0.26498 1037.89 1081.97 1038.43  982.72 1086.96 1028.05  987.67 1027.60
15.0    -0.02796     0.00049     0.04395     0.00048     0.05208     0.00048    61.23093     0.26513 1037.89 1081.97 1038.43  982.72 1086.96 1028.05  987.67 1027.60
16.0    -0.02809     0.00049     0.04395     0.00048     0.05216     0.00048    61.28952     0.26573 1037.89 1081.97 1038.43  982.72 1086.96 1028.05  987.67 1027.60
17.0    -0.02816     0.00049     0.04390     0.00048     0.05215     0.00049    61.33967     0.26699 1037.89 1081.97 1038.43  982.72 1086.96 1028.05  987.67 1027.60
18.0    -0.02815     0.00049     0.04382     0.00049     0.05208     0.00049    61.35763     0.26876 1037.89 1081.97 1038.43  982.72 1086.96 1028.05  987.67 1027.60
19.0    -0.02814     0.00050     0.04376     0.00049     0.05203     0.00049    61.37335     0.27065 1037.89 1081.97 1038.43  982.72 1086.96 1028.05  987.67 1027.60
