# ST_L_107_602
# 2460833.33231
# apert     q         sq           u           su         PD          sPD        EVPA        sEVPA       x0     y0    x1       y1      x2     y2     x3      y3
 9.0    -0.00290     0.00115     0.00544     0.00112     0.00616     0.00113    59.03446     5.35500 1039.97 1078.05 1040.47  978.71 1088.28 1023.63  989.05 1023.23
10.0    -0.00277     0.00117     0.00550     0.00115     0.00616     0.00115    58.36500     5.48578 1039.97 1078.05 1040.47  978.71 1088.28 1023.63  989.05 1023.23
11.0    -0.00265     0.00120     0.00539     0.00118     0.00601     0.00118    58.10927     5.78602 1039.97 1078.05 1040.47  978.71 1088.28 1023.63  989.05 1023.23
12.0    -0.00292     0.00124     0.00517     0.00121     0.00594     0.00122    59.72231     6.05408 1039.97 1078.05 1040.47  978.71 1088.28 1023.63  989.05 1023.23
13.0    -0.00329     0.00128     0.00465     0.00125     0.00569     0.00126    62.64403     6.57703 1039.97 1078.05 1040.47  978.71 1088.28 1023.63  989.05 1023.23
14.0    -0.00325     0.00133     0.00405     0.00130     0.00520     0.00131    64.39210     7.57160 1039.97 1078.05 1040.47  978.71 1088.28 1023.63  989.05 1023.23
15.0    -0.00325     0.00139     0.00377     0.00136     0.00497     0.00137    65.36707     8.31375 1039.97 1078.05 1040.47  978.71 1088.28 1023.63  989.05 1023.23
