# HD204827
# 2460835.57709
# apert     q         sq           u           su         PD          sPD        EVPA        sEVPA       x0     y0    x1       y1      x2     y2     x3      y3
13.0    -0.02738     0.00048     0.04395     0.00048     0.05178     0.00048    60.96221     0.26523 1038.50 1081.69 1039.04  982.43 1087.06 1027.46  987.77 1027.01
14.0    -0.02752     0.00049     0.04399     0.00048     0.05188     0.00048    61.01547     0.26513 1038.50 1081.69 1039.04  982.43 1087.06 1027.46  987.77 1027.01
15.0    -0.02759     0.00049     0.04404     0.00048     0.05197     0.00048    61.03354     0.26535 1038.50 1081.69 1039.04  982.43 1087.06 1027.46  987.77 1027.01
16.0    -0.02767     0.00049     0.04409     0.00048     0.05205     0.00048    61.05665     0.26589 1038.50 1081.69 1039.04  982.43 1087.06 1027.46  987.77 1027.01
17.0    -0.02771     0.00049     0.04412     0.00048     0.05210     0.00049    61.06304     0.26676 1038.50 1081.69 1039.04  982.43 1087.06 1027.46  987.77 1027.01
18.0    -0.02775     0.00049     0.04409     0.00049     0.05210     0.00049    61.09549     0.26815 1038.50 1081.69 1039.04  982.43 1087.06 1027.46  987.77 1027.01
19.0    -0.02778     0.00050     0.04410     0.00049     0.05212     0.00049    61.10336     0.26958 1038.50 1081.69 1039.04  982.43 1087.06 1027.46  987.77 1027.01
