# HD183143
# 2460835.55412
# apert     q         sq           u           su         PD          sPD        EVPA        sEVPA       x0     y0    x1       y1      x2     y2     x3      y3
13.0     0.06151     0.00060    -0.00683     0.00059     0.06189     0.00060    -3.16877     0.27695 1043.35 1076.19 1043.90  976.90 1092.07 1021.97  992.87 1021.52
14.0     0.06148     0.00060    -0.00676     0.00059     0.06185     0.00060    -3.13597     0.27799 1043.35 1076.19 1043.90  976.90 1092.07 1021.97  992.87 1021.52
15.0     0.06147     0.00060    -0.00675     0.00059     0.06184     0.00060    -3.13255     0.27923 1043.35 1076.19 1043.90  976.90 1092.07 1021.97  992.87 1021.52
16.0     0.06150     0.00061    -0.00677     0.00060     0.06187     0.00061    -3.14059     0.28059 1043.35 1076.19 1043.90  976.90 1092.07 1021.97  992.87 1021.52
17.0     0.06147     0.00061    -0.00674     0.00060     0.06184     0.00061    -3.13043     0.28250 1043.35 1076.19 1043.90  976.90 1092.07 1021.97  992.87 1021.52
18.0     0.06147     0.00061    -0.00670     0.00060     0.06184     0.00061    -3.10959     0.28452 1043.35 1076.19 1043.90  976.90 1092.07 1021.97  992.87 1021.52
19.0     0.06144     0.00062    -0.00668     0.00061     0.06180     0.00062    -3.10462     0.28702 1043.35 1076.19 1043.90  976.90 1092.07 1021.97  992.87 1021.52
