# HD155197
# 2460830.51925
# apert     q         sq           u           su         PD          sPD        EVPA        sEVPA       x0     y0    x1       y1      x2     y2     x3      y3
13.0    -0.03335     0.00085    -0.02056     0.00084     0.03918     0.00084   -74.17185     0.61765 1036.47 1080.07 1036.96  980.67 1083.85 1025.73  984.42 1025.32
14.0    -0.03338     0.00085    -0.02062     0.00084     0.03924     0.00085   -74.14737     0.62113 1036.47 1080.07 1036.96  980.67 1083.85 1025.73  984.42 1025.32
15.0    -0.03349     0.00086    -0.02062     0.00085     0.03933     0.00086   -74.19220     0.62515 1036.47 1080.07 1036.96  980.67 1083.85 1025.73  984.42 1025.32
16.0    -0.03345     0.00087    -0.02050     0.00086     0.03923     0.00087   -74.24841     0.63331 1036.47 1080.07 1036.96  980.67 1083.85 1025.73  984.42 1025.32
17.0    -0.03357     0.00088    -0.02037     0.00087     0.03927     0.00088   -74.37445     0.64041 1036.47 1080.07 1036.96  980.67 1083.85 1025.73  984.42 1025.32
18.0    -0.03363     0.00089    -0.02027     0.00088     0.03927     0.00089   -74.46288     0.64920 1036.47 1080.07 1036.96  980.67 1083.85 1025.73  984.42 1025.32
19.0    -0.03357     0.00091    -0.02024     0.00089     0.03920     0.00090   -74.45670     0.66017 1036.47 1080.07 1036.96  980.67 1083.85 1025.73  984.42 1025.32
