# BD+33.2642
# 2460830.54248
# apert     q         sq           u           su         PD          sPD        EVPA        sEVPA       x0     y0    x1       y1      x2     y2     x3      y3
11.0    -0.00257     0.00168    -0.00012     0.00165     0.00257     0.00168   -88.66474    25.66266 1035.90 1079.74 1036.39  980.29 1082.61 1025.63  983.07 1025.22
12.0    -0.00242     0.00171    -0.00043     0.00168     0.00245     0.00171   -84.98408    28.35984 1035.90 1079.74 1036.39  980.29 1082.61 1025.63  983.07 1025.22
13.0    -0.00285     0.00175    -0.00061     0.00171     0.00292     0.00175   -83.99642    22.38328 1035.90 1079.74 1036.39  980.29 1082.61 1025.63  983.07 1025.22
14.0    -0.00306     0.00179    -0.00041     0.00175     0.00308     0.00179   -86.16550    21.34863 1035.90 1079.74 1036.39  980.29 1082.61 1025.63  983.07 1025.22
15.0    -0.00349     0.00184    -0.00014     0.00179     0.00349     0.00184   -88.83746    18.54914 1035.90 1079.74 1036.39  980.29 1082.61 1025.63  983.07 1025.22
16.0    -0.00382     0.00189     0.00005     0.00184     0.00382     0.00189    89.59418    17.07645 1035.90 1079.74 1036.39  980.29 1082.61 1025.63  983.07 1025.22
17.0    -0.00432     0.00195     0.00048     0.00190     0.00435     0.00195    86.83756    14.96391 1035.90 1079.74 1036.39  980.29 1082.61 1025.63  983.07 1025.22
