# BD+40.2704
# 2460829.30544
# apert     q         sq           u           su         PD          sPD        EVPA        sEVPA       x0     y0    x1       y1      x2     y2     x3      y3
11.0     0.00379     0.00104    -0.00117     0.00103     0.00397     0.00104    -8.54712     7.88027 1037.45 1082.84 1037.96  983.51 1082.42 1028.62  983.01 1028.22
12.0     0.00375     0.00105    -0.00105     0.00104     0.00390     0.00105    -7.80234     8.11793 1037.45 1082.84 1037.96  983.51 1082.42 1028.62  983.01 1028.22
13.0     0.00375     0.00106    -0.00123     0.00105     0.00395     0.00106    -9.09101     8.09754 1037.45 1082.84 1037.96  983.51 1082.42 1028.62  983.01 1028.22
14.0     0.00392     0.00108    -0.00127     0.00106     0.00412     0.00108    -8.95266     7.84793 1037.45 1082.84 1037.96  983.51 1082.42 1028.62  983.01 1028.22
15.0     0.00409     0.00109    -0.00122     0.00108     0.00427     0.00109    -8.27573     7.66512 1037.45 1082.84 1037.96  983.51 1082.42 1028.62  983.01 1028.22
16.0     0.00431     0.00111    -0.00137     0.00109     0.00452     0.00111    -8.80017     7.33500 1037.45 1082.84 1037.96  983.51 1082.42 1028.62  983.01 1028.22
17.0     0.00424     0.00113    -0.00144     0.00111     0.00448     0.00113    -9.37267     7.56211 1037.45 1082.84 1037.96  983.51 1082.42 1028.62  983.01 1028.22
