# BD+40.2704
# 2460830.27516
# apert     q         sq           u           su         PD          sPD        EVPA        sEVPA       x0     y0    x1       y1      x2     y2     x3      y3
11.0     0.00423     0.00100    -0.00231     0.00098     0.00482     0.00100   -14.30371     6.09064 1035.18 1078.76 1035.72  979.42 1083.87 1024.62  984.52 1024.15
12.0     0.00422     0.00101    -0.00236     0.00098     0.00483     0.00100   -14.59382     6.13020 1035.18 1078.76 1035.72  979.42 1083.87 1024.62  984.52 1024.15
13.0     0.00411     0.00102    -0.00220     0.00100     0.00467     0.00102   -14.08352     6.44379 1035.18 1078.76 1035.72  979.42 1083.87 1024.62  984.52 1024.15
14.0     0.00396     0.00103    -0.00212     0.00101     0.00449     0.00103   -14.06458     6.81117 1035.18 1078.76 1035.72  979.42 1083.87 1024.62  984.52 1024.15
15.0     0.00396     0.00105    -0.00192     0.00102     0.00440     0.00105   -12.95376     7.07449 1035.18 1078.76 1035.72  979.42 1083.87 1024.62  984.52 1024.15
16.0     0.00384     0.00107    -0.00194     0.00104     0.00430     0.00106   -13.40851     7.39195 1035.18 1078.76 1035.72  979.42 1083.87 1024.62  984.52 1024.15
17.0     0.00394     0.00109    -0.00207     0.00106     0.00445     0.00108   -13.86506     7.25273 1035.18 1078.76 1035.72  979.42 1083.87 1024.62  984.52 1024.15
