# BD+33.2642
# 2460830.54169
# apert     q         sq           u           su         PD          sPD        EVPA        sEVPA       x0     y0    x1       y1      x2     y2     x3      y3
11.0    -0.00055     0.00166    -0.00134     0.00164     0.00145     0.00165   -56.19219    61.44223 1036.86 1081.09 1037.37  981.63 1083.23 1027.20  983.67 1026.80
12.0    -0.00105     0.00170    -0.00145     0.00167     0.00179     0.00168   -62.94864    61.44223 1036.86 1081.09 1037.37  981.63 1083.23 1027.20  983.67 1026.80
13.0    -0.00192     0.00173    -0.00152     0.00171     0.00245     0.00172   -70.88430    28.74234 1036.86 1081.09 1037.37  981.63 1083.23 1027.20  983.67 1026.80
14.0    -0.00265     0.00177    -0.00133     0.00175     0.00296     0.00177   -76.70864    22.23035 1036.86 1081.09 1037.37  981.63 1083.23 1027.20  983.67 1026.80
15.0    -0.00342     0.00182    -0.00111     0.00180     0.00360     0.00182   -81.04701    17.50922 1036.86 1081.09 1037.37  981.63 1083.23 1027.20  983.67 1026.80
16.0    -0.00416     0.00187    -0.00079     0.00185     0.00423     0.00187   -84.58758    14.63941 1036.86 1081.09 1037.37  981.63 1083.23 1027.20  983.67 1026.80
17.0    -0.00428     0.00193    -0.00100     0.00191     0.00439     0.00193   -83.39897    14.50230 1036.86 1081.09 1037.37  981.63 1083.23 1027.20  983.67 1026.80
