# BD+33.2642
# 2460835.30750
# apert     q         sq           u           su         PD          sPD        EVPA        sEVPA       x0     y0    x1       y1      x2     y2     x3      y3
11.0     0.00183     0.00166    -0.00079     0.00162     0.00200     0.00166   -11.73026    61.44223 1038.88 1079.08 1039.37  979.69 1086.97 1024.74  987.59 1024.33
12.0     0.00165     0.00170    -0.00079     0.00166     0.00183     0.00169   -12.86937    61.44223 1038.88 1079.08 1039.37  979.69 1086.97 1024.74  987.59 1024.33
13.0     0.00158     0.00174    -0.00071     0.00170     0.00174     0.00174   -12.08222    61.44223 1038.88 1079.08 1039.37  979.69 1086.97 1024.74  987.59 1024.33
14.0     0.00168     0.00179    -0.00091     0.00174     0.00191     0.00178   -14.19832    61.44223 1038.88 1079.08 1039.37  979.69 1086.97 1024.74  987.59 1024.33
15.0     0.00188     0.00185    -0.00105     0.00180     0.00215     0.00183   -14.54122    61.44223 1038.88 1079.08 1039.37  979.69 1086.97 1024.74  987.59 1024.33
16.0     0.00226     0.00191    -0.00053     0.00185     0.00232     0.00191    -6.60672    61.44223 1038.88 1079.08 1039.37  979.69 1086.97 1024.74  987.59 1024.33
17.0     0.00233     0.00198    -0.00036     0.00192     0.00236     0.00197    -4.36498    61.44223 1038.88 1079.08 1039.37  979.69 1086.97 1024.74  987.59 1024.33
