# CygOB2_14
# 2460835.57000
# apert     q         sq           u           su         PD          sPD        EVPA        sEVPA       x0     y0    x1       y1      x2     y2     x3      y3
11.0    -0.02884     0.00152    -0.00219     0.00148     0.02892     0.00152   -87.82930     1.50662 1036.44 1075.56 1036.99  976.27 1085.26 1021.31  985.99 1020.85
12.0    -0.02883     0.00154    -0.00225     0.00150     0.02892     0.00154   -87.76763     1.53233 1036.44 1075.56 1036.99  976.27 1085.26 1021.31  985.99 1020.85
13.0    -0.02914     0.00157    -0.00192     0.00153     0.02920     0.00157   -88.11140     1.54767 1036.44 1075.56 1036.99  976.27 1085.26 1021.31  985.99 1020.85
14.0    -0.02900     0.00161    -0.00198     0.00156     0.02907     0.00161   -88.04317     1.59038 1036.44 1075.56 1036.99  976.27 1085.26 1021.31  985.99 1020.85
15.0    -0.02881     0.00165    -0.00201     0.00160     0.02888     0.00165   -88.00112     1.64118 1036.44 1075.56 1036.99  976.27 1085.26 1021.31  985.99 1020.85
16.0    -0.02899     0.00170    -0.00209     0.00165     0.02906     0.00170   -87.94049     1.67625 1036.44 1075.56 1036.99  976.27 1085.26 1021.31  985.99 1020.85
17.0    -0.02888     0.00175    -0.00226     0.00170     0.02897     0.00175   -87.76627     1.73320 1036.44 1075.56 1036.99  976.27 1085.26 1021.31  985.99 1020.85
