# ST_Z_BD+35.2256
# 2460780.46862
# apert     q         sq           u           su         PD          sPD        EVPA        sEVPA       x0     y0    x1       y1      x2     y2     x3      y3
 9.0     0.00297     0.00114    -0.00126     0.00111     0.00322     0.00114   -11.51950    11.08863 1037.47 1080.17 1038.17  980.68 1085.23 1025.91  985.68 1025.29
10.0     0.00263     0.00116    -0.00123     0.00112     0.00290     0.00115   -12.55653    12.76945 1037.47 1080.17 1038.17  980.68 1085.23 1025.91  985.68 1025.29
11.0     0.00255     0.00117    -0.00113     0.00114     0.00278     0.00117   -11.94079    13.70250 1037.47 1080.17 1038.17  980.68 1085.23 1025.91  985.68 1025.29
12.0     0.00237     0.00120    -0.00093     0.00116     0.00255     0.00119   -10.67801    15.75703 1037.47 1080.17 1038.17  980.68 1085.23 1025.91  985.68 1025.29
13.0     0.00200     0.00122    -0.00105     0.00118     0.00226     0.00121   -13.83598    18.97559 1037.47 1080.17 1038.17  980.68 1085.23 1025.91  985.68 1025.29
14.0     0.00188     0.00125    -0.00112     0.00120     0.00219     0.00124   -15.35049    20.45074 1037.47 1080.17 1038.17  980.68 1085.23 1025.91  985.68 1025.29
15.0     0.00167     0.00128    -0.00104     0.00123     0.00197     0.00127   -15.93019    24.95777 1037.47 1080.17 1038.17  980.68 1085.23 1025.91  985.68 1025.29
