# HD154892
# 2460830.55507
# apert     q         sq           u           su         PD          sPD        EVPA        sEVPA       x0     y0    x1       y1      x2     y2     x3      y3
13.0     0.00084     0.00090    -0.00149     0.00089     0.00171     0.00089   -30.27708    18.22746 1037.08 1079.76 1037.57  980.35 1083.89 1025.71  984.41 1025.29
14.0     0.00085     0.00091    -0.00139     0.00089     0.00163     0.00090   -29.20812    19.74375 1037.08 1079.76 1037.57  980.35 1083.89 1025.71  984.41 1025.29
15.0     0.00089     0.00092    -0.00136     0.00090     0.00163     0.00091   -28.34053    20.05629 1037.08 1079.76 1037.57  980.35 1083.89 1025.71  984.41 1025.29
16.0     0.00083     0.00093    -0.00125     0.00091     0.00150     0.00092   -28.26418    23.01820 1037.08 1079.76 1037.57  980.35 1083.89 1025.71  984.41 1025.29
17.0     0.00076     0.00094    -0.00128     0.00092     0.00149     0.00093   -29.66221    23.72449 1037.08 1079.76 1037.57  980.35 1083.89 1025.71  984.41 1025.29
18.0     0.00068     0.00095    -0.00131     0.00094     0.00147     0.00094   -31.33969    24.59848 1037.08 1079.76 1037.57  980.35 1083.89 1025.71  984.41 1025.29
19.0     0.00048     0.00097    -0.00112     0.00095     0.00122     0.00095   -33.34752    61.44223 1037.08 1079.76 1037.57  980.35 1083.89 1025.71  984.41 1025.29
