# BD+40.2704
# 2460833.32417
# apert     q         sq           u           su         PD          sPD        EVPA        sEVPA       x0     y0    x1       y1      x2     y2     x3      y3
11.0     0.00075     0.00101    -0.00099     0.00098     0.00124     0.00099   -26.38258    61.44223 1040.56 1084.02 1041.04  984.74 1088.58 1029.92  989.32 1029.52
12.0     0.00048     0.00102    -0.00096     0.00099     0.00107     0.00100   -31.85893    61.44223 1040.56 1084.02 1041.04  984.74 1088.58 1029.92  989.32 1029.52
13.0     0.00030     0.00103    -0.00101     0.00100     0.00105     0.00100   -36.70315    61.44223 1040.56 1084.02 1041.04  984.74 1088.58 1029.92  989.32 1029.52
14.0     0.00014     0.00104    -0.00094     0.00101     0.00095     0.00101   -40.75118    61.44223 1040.56 1084.02 1041.04  984.74 1088.58 1029.92  989.32 1029.52
15.0    -0.00012     0.00106    -0.00097     0.00103     0.00098     0.00103   -48.52826    61.44223 1040.56 1084.02 1041.04  984.74 1088.58 1029.92  989.32 1029.52
16.0    -0.00026     0.00107    -0.00101     0.00104     0.00104     0.00105   -52.29819    61.44223 1040.56 1084.02 1041.04  984.74 1088.58 1029.92  989.32 1029.52
17.0    -0.00043     0.00109    -0.00114     0.00106     0.00122     0.00107   -55.29048    61.44223 1040.56 1084.02 1041.04  984.74 1088.58 1029.92  989.32 1029.52
