# ST_L_107_602
# 2460782.53141
# apert     q         sq           u           su         PD          sPD        EVPA        sEVPA       x0     y0    x1       y1      x2     y2     x3      y3
11.0    -0.00744     0.00057     0.00379     0.00056     0.00835     0.00057    76.49406     1.94669 1043.00 1082.61 1043.60  983.26 1093.34 1028.29  994.01 1027.80
12.0    -0.00755     0.00057     0.00383     0.00056     0.00846     0.00057    76.53989     1.93887 1043.00 1082.61 1043.60  983.26 1093.34 1028.29  994.01 1027.80
13.0    -0.00769     0.00058     0.00381     0.00057     0.00859     0.00058    76.81512     1.93412 1043.00 1082.61 1043.60  983.26 1093.34 1028.29  994.01 1027.80
14.0    -0.00788     0.00059     0.00393     0.00058     0.00880     0.00059    76.75624     1.91303 1043.00 1082.61 1043.60  983.26 1093.34 1028.29  994.01 1027.80
15.0    -0.00801     0.00060     0.00403     0.00059     0.00897     0.00060    76.65302     1.90881 1043.00 1082.61 1043.60  983.26 1093.34 1028.29  994.01 1027.80
16.0    -0.00792     0.00061     0.00403     0.00060     0.00888     0.00061    76.52332     1.96334 1043.00 1082.61 1043.60  983.26 1093.34 1028.29  994.01 1027.80
17.0    -0.00791     0.00062     0.00404     0.00061     0.00888     0.00062    76.45496     2.00514 1043.00 1082.61 1043.60  983.26 1093.34 1028.29  994.01 1027.80
