# HD183143
# 2460830.56213
# apert     q         sq           u           su         PD          sPD        EVPA        sEVPA       x0     y0    x1       y1      x2     y2     x3      y3
13.0     0.06350     0.00077    -0.00409     0.00076     0.06363     0.00077    -1.84128     0.34808 1037.95 1082.34 1038.44  983.06 1084.98 1028.18  985.62 1027.77
14.0     0.06349     0.00078    -0.00400     0.00076     0.06362     0.00078    -1.80450     0.35013 1037.95 1082.34 1038.44  983.06 1084.98 1028.18  985.62 1027.77
15.0     0.06348     0.00078    -0.00383     0.00077     0.06360     0.00078    -1.72487     0.35269 1037.95 1082.34 1038.44  983.06 1084.98 1028.18  985.62 1027.77
16.0     0.06348     0.00079    -0.00364     0.00077     0.06359     0.00079    -1.64088     0.35574 1037.95 1082.34 1038.44  983.06 1084.98 1028.18  985.62 1027.77
17.0     0.06343     0.00080    -0.00358     0.00078     0.06353     0.00080    -1.61587     0.35961 1037.95 1082.34 1038.44  983.06 1084.98 1028.18  985.62 1027.77
18.0     0.06348     0.00081    -0.00352     0.00079     0.06358     0.00081    -1.58725     0.36340 1037.95 1082.34 1038.44  983.06 1084.98 1028.18  985.62 1027.77
19.0     0.06355     0.00082    -0.00341     0.00080     0.06364     0.00082    -1.53446     0.36771 1037.95 1082.34 1038.44  983.06 1084.98 1028.18  985.62 1027.77
