# BD+40.2704
# 2460833.32400
# apert     q         sq           u           su         PD          sPD        EVPA        sEVPA       x0     y0    x1       y1      x2     y2     x3      y3
11.0     0.00237     0.00101     0.00004     0.00098     0.00237     0.00101     0.53078    13.92996 1040.64 1084.16 1041.13  984.89 1088.69 1029.92  989.43 1029.52
12.0     0.00224     0.00102     0.00007     0.00099     0.00224     0.00102     0.86771    15.20227 1040.64 1084.16 1041.13  984.89 1088.69 1029.92  989.43 1029.52
13.0     0.00212     0.00103     0.00026     0.00100     0.00214     0.00103     3.43536    16.35223 1040.64 1084.16 1041.13  984.89 1088.69 1029.92  989.43 1029.52
14.0     0.00211     0.00104     0.00039     0.00101     0.00214     0.00104     5.22114    16.52977 1040.64 1084.16 1041.13  984.89 1088.69 1029.92  989.43 1029.52
15.0     0.00205     0.00105     0.00040     0.00102     0.00209     0.00105     5.53271    17.47266 1040.64 1084.16 1041.13  984.89 1088.69 1029.92  989.43 1029.52
16.0     0.00212     0.00107     0.00043     0.00104     0.00216     0.00107     5.74468    17.05746 1040.64 1084.16 1041.13  984.89 1088.69 1029.92  989.43 1029.52
17.0     0.00201     0.00109     0.00037     0.00106     0.00204     0.00109     5.16025    18.92953 1040.64 1084.16 1041.13  984.89 1088.69 1029.92  989.43 1029.52
