# BD+40.2704
# 2460780.43976
# apert     q         sq           u           su         PD          sPD        EVPA        sEVPA       x0     y0    x1       y1      x2     y2     x3      y3
11.0     0.00097     0.00123    -0.00049     0.00120     0.00109     0.00122   -13.42379    61.44223 1037.76 1079.61 1038.47  980.18 1085.67 1025.49  986.21 1024.86
12.0     0.00034     0.00125    -0.00064     0.00122     0.00072     0.00123   -30.87524    61.44223 1037.76 1079.61 1038.47  980.18 1085.67 1025.49  986.21 1024.86
13.0    -0.00003     0.00127    -0.00036     0.00124     0.00036     0.00124   -47.15012    61.44223 1037.76 1079.61 1038.47  980.18 1085.67 1025.49  986.21 1024.86
14.0    -0.00041     0.00129    -0.00010     0.00126     0.00042     0.00129   -83.38926    61.44223 1037.76 1079.61 1038.47  980.18 1085.67 1025.49  986.21 1024.86
15.0    -0.00081     0.00131     0.00011     0.00128     0.00082     0.00131    86.17854    61.44223 1037.76 1079.61 1038.47  980.18 1085.67 1025.49  986.21 1024.86
16.0    -0.00124     0.00134     0.00003     0.00131     0.00125     0.00134    89.19746    61.44223 1037.76 1079.61 1038.47  980.18 1085.67 1025.49  986.21 1024.86
17.0    -0.00172     0.00138     0.00027     0.00134     0.00174     0.00137    85.52581    61.44223 1037.76 1079.61 1038.47  980.18 1085.67 1025.49  986.21 1024.86
