# HD155197
# 2460830.51890
# apert     q         sq           u           su         PD          sPD        EVPA        sEVPA       x0     y0    x1       y1      x2     y2     x3      y3
13.0    -0.03354     0.00085    -0.02110     0.00084     0.03962     0.00085   -73.91101     0.61427 1036.40 1080.70 1036.89  981.32 1084.85 1026.24  985.44 1025.82
14.0    -0.03364     0.00086    -0.02093     0.00084     0.03961     0.00086   -74.05668     0.61902 1036.40 1080.70 1036.89  981.32 1084.85 1026.24  985.44 1025.82
15.0    -0.03375     0.00087    -0.02084     0.00085     0.03967     0.00086   -74.15153     0.62384 1036.40 1080.70 1036.89  981.32 1084.85 1026.24  985.44 1025.82
16.0    -0.03381     0.00088    -0.02071     0.00086     0.03965     0.00087   -74.25911     0.63081 1036.40 1080.70 1036.89  981.32 1084.85 1026.24  985.44 1025.82
17.0    -0.03390     0.00089    -0.02067     0.00087     0.03970     0.00088   -74.31432     0.63771 1036.40 1080.70 1036.89  981.32 1084.85 1026.24  985.44 1025.82
18.0    -0.03407     0.00090    -0.02069     0.00088     0.03986     0.00090   -74.36062     0.64411 1036.40 1080.70 1036.89  981.32 1084.85 1026.24  985.44 1025.82
19.0    -0.03426     0.00092    -0.02066     0.00089     0.04001     0.00091   -74.45336     0.65170 1036.40 1080.70 1036.89  981.32 1084.85 1026.24  985.44 1025.82
