# BD+40.2704
# 2460780.43946
# apert     q         sq           u           su         PD          sPD        EVPA        sEVPA       x0     y0    x1       y1      x2     y2     x3      y3
11.0     0.00268     0.00123     0.00098     0.00121     0.00286     0.00123    10.02153    14.10293 1039.29 1079.39 1039.99  979.95 1087.49 1025.31  988.06 1024.68
12.0     0.00252     0.00124     0.00092     0.00123     0.00269     0.00124    10.07327    15.54645 1039.29 1079.39 1039.99  979.95 1087.49 1025.31  988.06 1024.68
13.0     0.00259     0.00126     0.00071     0.00125     0.00269     0.00126     7.70879    15.85090 1039.29 1079.39 1039.99  979.95 1087.49 1025.31  988.06 1024.68
14.0     0.00247     0.00128     0.00060     0.00127     0.00254     0.00128     6.78257    17.51344 1039.29 1079.39 1039.99  979.95 1087.49 1025.31  988.06 1024.68
15.0     0.00246     0.00131     0.00053     0.00129     0.00252     0.00131     6.02959    18.24223 1039.29 1079.39 1039.99  979.95 1087.49 1025.31  988.06 1024.68
16.0     0.00215     0.00134     0.00054     0.00132     0.00222     0.00134     7.08426    22.57242 1039.29 1079.39 1039.99  979.95 1087.49 1025.31  988.06 1024.68
17.0     0.00188     0.00137     0.00066     0.00135     0.00199     0.00137     9.61774    27.61945 1039.29 1079.39 1039.99  979.95 1087.49 1025.31  988.06 1024.68
