# BD+33.2642
# 2460835.30850
# apert     q         sq           u           su         PD          sPD        EVPA        sEVPA       x0     y0    x1       y1      x2     y2     x3      y3
11.0    -0.00090     0.00165    -0.00205     0.00163     0.00224     0.00163   -56.80243    61.44223 1038.51 1079.99 1039.03  980.61 1086.76 1025.65  987.38 1025.22
12.0    -0.00144     0.00169    -0.00272     0.00167     0.00308     0.00167   -58.95760    19.40625 1038.51 1079.99 1039.03  980.61 1086.76 1025.65  987.38 1025.22
13.0    -0.00193     0.00173    -0.00350     0.00171     0.00399     0.00171   -59.45670    14.08816 1038.51 1079.99 1039.03  980.61 1086.76 1025.65  987.38 1025.22
14.0    -0.00250     0.00177    -0.00368     0.00176     0.00445     0.00176   -62.11884    12.74273 1038.51 1079.99 1039.03  980.61 1086.76 1025.65  987.38 1025.22
15.0    -0.00302     0.00183    -0.00401     0.00181     0.00502     0.00182   -63.48269    11.40785 1038.51 1079.99 1039.03  980.61 1086.76 1025.65  987.38 1025.22
16.0    -0.00302     0.00189    -0.00460     0.00187     0.00550     0.00187   -61.61536    10.60664 1038.51 1079.99 1039.03  980.61 1086.76 1025.65  987.38 1025.22
17.0    -0.00332     0.00195    -0.00510     0.00193     0.00609     0.00194   -61.53917     9.80824 1038.51 1079.99 1039.03  980.61 1086.76 1025.65  987.38 1025.22
