# ST_Z_HD121859
# 2460782.53602
# apert     q         sq           u           su         PD          sPD        EVPA        sEVPA       x0     y0    x1       y1      x2     y2     x3      y3
13.0     0.00234     0.00089    -0.00332     0.00088     0.00406     0.00088   -27.43400     6.45082 1047.09 1074.33 1047.69  974.90 1096.92 1020.04  997.59 1019.53
14.0     0.00237     0.00089    -0.00336     0.00089     0.00411     0.00089   -27.38511     6.42059 1047.09 1074.33 1047.69  974.90 1096.92 1020.04  997.59 1019.53
15.0     0.00240     0.00090    -0.00335     0.00090     0.00412     0.00090   -27.21501     6.46137 1047.09 1074.33 1047.69  974.90 1096.92 1020.04  997.59 1019.53
16.0     0.00253     0.00091    -0.00326     0.00091     0.00412     0.00091   -26.09557     6.53203 1047.09 1074.33 1047.69  974.90 1096.92 1020.04  997.59 1019.53
17.0     0.00266     0.00092    -0.00330     0.00092     0.00424     0.00092   -25.58161     6.43254 1047.09 1074.33 1047.69  974.90 1096.92 1020.04  997.59 1019.53
18.0     0.00272     0.00093    -0.00329     0.00093     0.00427     0.00093   -25.21170     6.46770 1047.09 1074.33 1047.69  974.90 1096.92 1020.04  997.59 1019.53
19.0     0.00282     0.00095    -0.00328     0.00095     0.00432     0.00095   -24.67358     6.48949 1047.09 1074.33 1047.69  974.90 1096.92 1020.04  997.59 1019.53
