#Name   JD    P   sP    PA[deg]  sPA[deg]   q        sq       u        su   x0    y0    x1   y1   x2    y2    x3    y3
Mark_26         2460829.36252   0.00263   0.00099  -89.32   11.95 -0.00263  0.00099 -0.00006  0.00097  1037.15  1081.37  1037.68   979.68  1087.41  1025.78   985.71  1025.37
Mark_26         2460829.36368   0.00316   0.00099  -85.09    9.57 -0.00312  0.00099 -0.00054  0.00097  1037.21  1081.32  1037.74   979.63  1087.50  1025.72   985.79  1025.31
Mark_26         2460829.36484   0.00381   0.00099   88.12    7.85 -0.00380  0.00099  0.00025  0.00098  1037.31  1081.36  1037.85   979.67  1087.55  1025.71   985.87  1025.30
Mark_26         2460829.36600   0.00326   0.00099   73.29    9.31 -0.00272  0.00099  0.00179  0.00098  1037.63  1081.57  1038.16   979.87  1087.84  1025.90   986.14  1025.49
Mark_26         2460829.36716   0.00221   0.00099  -80.03   14.91 -0.00208  0.00099 -0.00075  0.00098  1037.39  1081.72  1037.91   980.02  1087.62  1026.06   985.93  1025.66
Mark_26         2460829.36832   0.00455   0.00099   67.33    6.43 -0.00320  0.00099  0.00324  0.00098  1037.67  1081.64  1038.19   979.95  1087.84  1026.03   986.15  1025.63
Mark_26         2460829.36948   0.00422   0.00099   71.61    7.02 -0.00338  0.00100  0.00252  0.00099  1037.78  1081.55  1038.30   979.84  1087.98  1025.89   986.30  1025.48
Mark_26         2460829.37064   0.00242   0.00100   87.37   13.44 -0.00241  0.00100  0.00022  0.00099  1037.46  1081.63  1037.99   979.92  1087.68  1025.97   985.98  1025.57
Mark_26         2460829.37179   0.00434   0.00099   57.93    6.80 -0.00189  0.00100  0.00390  0.00099  1037.37  1081.49  1037.90   979.79  1087.65  1025.84   985.95  1025.44
