# CygOB2_14
# 2460835.56882
# apert     q         sq           u           su         PD          sPD        EVPA        sEVPA       x0     y0    x1       y1      x2     y2     x3      y3
11.0    -0.02825     0.00150    -0.00065     0.00147     0.02826     0.00150   -89.33838     1.52701 1036.19 1076.00 1036.72  976.73 1085.28 1021.83  986.01 1021.39
12.0    -0.02820     0.00153    -0.00075     0.00150     0.02821     0.00153   -89.23937     1.55373 1036.19 1076.00 1036.72  976.73 1085.28 1021.83  986.01 1021.39
13.0    -0.02823     0.00156    -0.00088     0.00153     0.02825     0.00156   -89.10951     1.58045 1036.19 1076.00 1036.72  976.73 1085.28 1021.83  986.01 1021.39
14.0    -0.02824     0.00159    -0.00101     0.00156     0.02826     0.00159   -88.97227     1.61332 1036.19 1076.00 1036.72  976.73 1085.28 1021.83  986.01 1021.39
15.0    -0.02810     0.00163    -0.00117     0.00160     0.02813     0.00163   -88.80504     1.65973 1036.19 1076.00 1036.72  976.73 1085.28 1021.83  986.01 1021.39
16.0    -0.02781     0.00167    -0.00157     0.00164     0.02786     0.00167   -88.38194     1.71976 1036.19 1076.00 1036.72  976.73 1085.28 1021.83  986.01 1021.39
17.0    -0.02775     0.00172    -0.00196     0.00169     0.02782     0.00172   -87.97913     1.77170 1036.19 1076.00 1036.72  976.73 1085.28 1021.83  986.01 1021.39
