# ST_L_107_602
# 2460782.53313
# apert     q         sq           u           su         PD          sPD        EVPA        sEVPA       x0     y0    x1       y1      x2     y2     x3      y3
11.0    -0.00736     0.00057     0.00228     0.00057     0.00770     0.00057    81.39053     2.13152 1042.37 1082.66 1043.71  983.20 1092.83 1028.09  992.57 1027.75
12.0    -0.00763     0.00057     0.00279     0.00057     0.00812     0.00057    79.95025     2.03291 1042.37 1082.66 1043.71  983.20 1092.83 1028.09  992.57 1027.75
13.0    -0.00780     0.00058     0.00287     0.00058     0.00831     0.00058    79.88679     2.00566 1042.37 1082.66 1043.71  983.20 1092.83 1028.09  992.57 1027.75
14.0    -0.00780     0.00059     0.00285     0.00058     0.00830     0.00059    79.97971     2.03353 1042.37 1082.66 1043.71  983.20 1092.83 1028.09  992.57 1027.75
15.0    -0.00781     0.00060     0.00277     0.00059     0.00828     0.00060    80.22525     2.07000 1042.37 1082.66 1043.71  983.20 1092.83 1028.09  992.57 1027.75
16.0    -0.00793     0.00061     0.00264     0.00060     0.00836     0.00061    80.79614     2.08775 1042.37 1082.66 1043.71  983.20 1092.83 1028.09  992.57 1027.75
17.0    -0.00793     0.00062     0.00259     0.00062     0.00834     0.00062    80.95475     2.13539 1042.37 1082.66 1043.71  983.20 1092.83 1028.09  992.57 1027.75
