# HD204827
# 2460835.57663
# apert     q         sq           u           su         PD          sPD        EVPA        sEVPA       x0     y0    x1       y1      x2     y2     x3      y3
13.0    -0.02725     0.00048     0.04439     0.00047     0.05209     0.00048    60.77563     0.26211 1039.09 1082.86 1039.63  983.62 1087.86 1028.79  988.59 1028.34
14.0    -0.02743     0.00048     0.04443     0.00048     0.05221     0.00048    60.84542     0.26197 1039.09 1082.86 1039.63  983.62 1087.86 1028.79  988.59 1028.34
15.0    -0.02758     0.00048     0.04442     0.00048     0.05229     0.00048    60.91901     0.26234 1039.09 1082.86 1039.63  983.62 1087.86 1028.79  988.59 1028.34
16.0    -0.02768     0.00049     0.04441     0.00048     0.05233     0.00048    60.96559     0.26306 1039.09 1082.86 1039.63  983.62 1087.86 1028.79  988.59 1028.34
17.0    -0.02772     0.00049     0.04438     0.00048     0.05232     0.00048    60.99590     0.26427 1039.09 1082.86 1039.63  983.62 1087.86 1028.79  988.59 1028.34
18.0    -0.02781     0.00049     0.04434     0.00048     0.05234     0.00049    61.04842     0.26554 1039.09 1082.86 1039.63  983.62 1087.86 1028.79  988.59 1028.34
19.0    -0.02790     0.00049     0.04428     0.00049     0.05233     0.00049    61.10879     0.26708 1039.09 1082.86 1039.63  983.62 1087.86 1028.79  988.59 1028.34
