#Name   JD    P   sP    PA[deg]  sPA[deg]   q        sq       u        su   x0    y0    x1   y1   x2    y2    x3    y3
BD+28.4211      2460459.56866   0.00258   0.00148  -19.41   20.92  0.00201  0.00148 -0.00162  0.00147  1028.36  1080.71  1028.68   981.24  1074.45  1026.19   974.99  1025.89
BD+28.4211      2460459.56885   0.00488   0.00145   -3.83    9.10  0.00483  0.00145 -0.00065  0.00144  1029.30  1080.22  1029.85   980.64  1075.68  1025.80   976.34  1025.49
BD+28.4211      2460459.56905   0.00124   0.00146  -25.55   61.44  0.00078  0.00147 -0.00096  0.00146  1030.06  1080.72  1030.30   981.26  1076.00  1026.40   976.57  1026.05
BD+28.4211      2460459.56925   0.00253   0.00144  -29.55   20.84  0.00130  0.00145 -0.00217  0.00144  1027.60  1081.06  1028.11   981.37  1073.96  1026.69   974.53  1026.44
BD+28.4211      2460459.56944   0.00206   0.00145   -4.88   28.77  0.00203  0.00145 -0.00035  0.00144  1029.25  1080.41  1029.59   980.97  1075.17  1026.03   975.76  1025.71
BD+28.4211      2460459.56964   0.00374   0.00145  -24.14   12.37  0.00249  0.00145 -0.00279  0.00144  1028.78  1080.22  1029.12   980.72  1074.94  1026.10   975.46  1025.74
BD+28.4211      2460459.56984   0.00448   0.00147  -26.35   10.17  0.00271  0.00148 -0.00356  0.00147  1028.64  1080.62  1029.00   981.08  1074.50  1026.11   975.04  1025.83
BD+28.4211      2460459.57003   0.00170   0.00145  -71.84   61.44 -0.00137  0.00145 -0.00101  0.00144  1029.44  1081.00  1029.91   981.34  1075.47  1026.40   976.12  1026.09
BD+28.4211      2460459.57023   0.00269   0.00145   -8.08   19.20  0.00258  0.00145 -0.00075  0.00144  1029.11  1080.93  1029.46   981.38  1075.16  1026.37   975.81  1026.13
BD+28.4211      2460461.55529   0.00329   0.00102  -14.04    9.55  0.00290  0.00103 -0.00155  0.00102  1026.57  1084.08  1026.84   984.44  1072.90  1029.39   973.50  1029.10
BD+28.4211      2460461.55574   0.00330   0.00102   -1.86    9.42  0.00330  0.00102 -0.00021  0.00100  1026.59  1083.65  1026.98   984.12  1073.00  1029.12   973.55  1028.81
BD+28.4211      2460461.55618   0.00281   0.00100   -7.72   11.23  0.00271  0.00100 -0.00075  0.00099  1027.33  1083.99  1027.68   984.39  1073.64  1029.47   974.23  1029.15
BD+28.4211      2460461.55662   0.00376   0.00100  -32.29    8.03  0.00161  0.00101 -0.00340  0.00100  1026.50  1084.01  1026.93   984.40  1072.94  1029.47   973.49  1029.11
BD+28.4211      2460461.55707   0.00184   0.00101  -26.05   19.61  0.00113  0.00101 -0.00145  0.00100  1027.20  1084.04  1027.53   984.43  1073.51  1029.44   974.13  1029.14
BD+28.4211      2460461.55751   0.00262   0.00101  -13.01   12.34  0.00235  0.00101 -0.00115  0.00100  1026.37  1083.92  1026.70   984.43  1072.79  1029.43   973.40  1029.09
BD+28.4211      2460461.55795   0.00502   0.00101  -20.96    5.92  0.00374  0.00101 -0.00336  0.00101  1026.65  1083.92  1027.04   984.40  1073.05  1029.49   973.58  1029.13
BD+28.4211      2460477.58222   0.00480   0.00093  -34.91    5.67  0.00166  0.00094 -0.00451  0.00092  1030.85  1085.27  1031.28   985.80  1077.48  1031.08   978.05  1030.76
BD+28.4211      2460477.58269   0.00509   0.00093  -25.16    5.38  0.00325  0.00094 -0.00392  0.00093  1030.00  1085.12  1030.43   985.63  1076.50  1030.76   977.14  1030.48
BD+28.4211      2460477.58315   0.00392   0.00093  -36.85    7.07  0.00110  0.00094 -0.00376  0.00093  1030.94  1084.76  1031.20   985.24  1077.22  1030.55   977.83  1030.31
BD+28.4211      2460477.58360   0.00473   0.00094  -20.51    5.85  0.00357  0.00095 -0.00310  0.00093  1030.71  1084.42  1030.99   985.00  1076.50  1030.43   977.15  1030.24
BD+28.4211      2460477.58406   0.00385   0.00094  -45.63    7.27 -0.00009  0.00095 -0.00385  0.00094  1029.82  1084.80  1030.25   985.33  1076.59  1030.34   977.24  1030.06
BD+28.4211      2460477.58451   0.00445   0.00094  -37.48    6.25  0.00115  0.00095 -0.00430  0.00094  1030.34  1085.65  1030.66   986.31  1076.35  1031.32   976.95  1031.04
BD+28.4211      2460477.58498   0.00515   0.00094  -41.61    5.36  0.00061  0.00096 -0.00511  0.00094  1030.29  1084.93  1030.64   985.55  1076.02  1030.26   976.63  1029.97
BD+33.2642      2460433.60810   0.00288   0.00129  -33.59   14.87  0.00112  0.00131 -0.00265  0.00128  1031.93  1081.27  1032.43   981.82  1080.43  1026.12   980.89  1025.63
BD+33.2642      2460433.60833   0.00327   0.00130  -16.57   12.81  0.00274  0.00131 -0.00179  0.00128  1032.70  1080.67  1033.22   981.13  1080.85  1025.73   981.38  1025.28
BD+33.2642      2460433.60856   0.00253   0.00130  -56.01   17.89 -0.00095  0.00132 -0.00235  0.00130  1033.08  1080.92  1033.57   981.45  1081.47  1025.67   981.94  1025.21
BD+33.2642      2460433.60880   0.00428   0.00129  -30.23    9.22  0.00211  0.00131 -0.00372  0.00128  1032.94  1080.48  1033.43   980.94  1081.34  1025.27   981.81  1024.78
BD+33.2642      2460433.60903   0.00294   0.00130  -26.94   14.66  0.00173  0.00132 -0.00238  0.00129  1033.24  1080.45  1033.71   981.01  1081.60  1025.29   982.12  1024.81
BD+33.2642      2460433.60926   0.00564   0.00132  -26.81    6.99  0.00334  0.00134 -0.00454  0.00132  1033.57  1080.03  1034.14   980.53  1082.03  1024.94   982.51  1024.43
BD+33.2642      2460433.60949   0.00366   0.00131  -10.43   11.24  0.00342  0.00131 -0.00130  0.00130  1034.43  1079.90  1034.99   980.35  1082.58  1024.66   983.12  1024.22
BD+33.2642      2460433.43139   0.00088   0.00126   -1.80   61.44  0.00087  0.00126 -0.00006  0.00125  1029.55  1081.65  1030.15   982.18  1076.96  1026.70   977.55  1026.13
BD+33.2642      2460433.43178   0.00236   0.00124  -39.43   18.43  0.00046  0.00126 -0.00232  0.00124  1029.35  1080.78  1029.94   981.21  1077.60  1025.91   978.13  1025.41
BD+33.2642      2460433.43218   0.00396   0.00125  -44.60    9.71  0.00006  0.00127 -0.00396  0.00125  1029.51  1080.13  1030.15   980.73  1077.31  1025.17   977.82  1024.63
BD+33.2642      2460433.43258   0.00308   0.00126  -19.51   13.31  0.00240  0.00128 -0.00194  0.00125  1029.33  1078.78  1029.92   979.11  1077.00  1024.21   977.49  1023.67
BD+33.2642      2460433.43297   0.00249   0.00125  -25.62   17.39  0.00156  0.00127 -0.00194  0.00124  1029.52  1077.59  1030.11   978.07  1077.01  1022.61   977.59  1022.06
BD+33.2642      2460433.43337   0.00206   0.00126  -11.36   23.27  0.00190  0.00127 -0.00079  0.00124  1029.87  1076.73  1030.51   977.20  1077.50  1021.77   978.12  1021.30
BD+33.2642      2460433.43376   0.00213   0.00125  -45.66   21.55 -0.00005  0.00127 -0.00213  0.00125  1029.49  1076.60  1030.05   977.14  1076.84  1021.05   977.42  1020.53
BD+33.2642      2460461.30385   0.00551   0.00152  -36.35    8.33  0.00164  0.00154 -0.00526  0.00152  1029.73  1083.28  1030.14   983.65  1075.99  1028.79   976.61  1028.48
BD+33.2642      2460461.30433   0.00309   0.00155  -24.06   17.31  0.00206  0.00156 -0.00230  0.00153  1031.08  1082.20  1031.42   982.68  1077.52  1027.73   978.15  1027.51
BD+33.2642      2460461.30453   0.00299   0.00155  -73.89   18.09 -0.00253  0.00155 -0.00160  0.00153  1030.82  1082.32  1031.23   982.70  1076.92  1027.94   977.53  1027.65
BD+33.2642      2460461.30499   0.00153   0.00155   16.43   61.44  0.00128  0.00156  0.00083  0.00152  1030.45  1081.67  1030.83   982.10  1076.81  1027.14   977.39  1026.87
BD+33.2642      2460461.30519   0.00287   0.00155  -24.74   19.17  0.00187  0.00157 -0.00219  0.00154  1030.98  1082.28  1031.31   982.76  1077.33  1027.64   977.98  1027.41
BD+33.2642      2460461.30566   0.00220   0.00154  -26.71   28.55  0.00131  0.00156 -0.00177  0.00153  1030.20  1082.29  1030.55   982.75  1076.52  1027.79   977.21  1027.52
BD+33.2642      2460461.30586   0.00494   0.00159  -17.18    9.95  0.00408  0.00160 -0.00279  0.00157  1030.61  1081.75  1030.96   982.21  1077.07  1027.03   977.72  1026.74
BD+33.2642      2460461.30633   0.00229   0.00152   48.82   26.31 -0.00030  0.00155  0.00227  0.00152  1030.03  1082.37  1030.38   982.90  1076.31  1027.84   976.94  1027.52
BD+33.2642      2460461.30653   0.00199   0.00152  -37.87   61.44  0.00049  0.00156 -0.00192  0.00152  1029.92  1082.15  1030.32   982.54  1076.36  1027.71   977.01  1027.47
BD+33.2642      2460461.30699   0.00329   0.00154  -11.25   15.84  0.00304  0.00155 -0.00126  0.00151  1030.40  1082.12  1030.84   982.52  1076.72  1027.71   977.39  1027.43
BD+40.2704      2460426.45763   0.00309   0.00117  -34.91   12.05  0.00107  0.00119 -0.00290  0.00117  1029.43  1082.22  1029.98   982.75  1076.29  1027.58   976.83  1027.08
BD+40.2704      2460426.45787   0.00324   0.00118   29.78   11.53  0.00164  0.00120  0.00279  0.00118  1028.53  1079.78  1029.12   980.39  1074.66  1025.34   975.22  1024.84
BD+40.2704      2460426.45802   0.00471   0.00118   -9.79    7.50  0.00444  0.00118 -0.00158  0.00115  1029.63  1080.40  1030.17   980.99  1076.09  1026.06   976.60  1025.53
BD+40.2704      2460426.45816   0.00365   0.00120  -19.65   10.23  0.00282  0.00121 -0.00231  0.00119  1029.17  1081.34  1029.72   981.94  1075.11  1026.65   975.77  1026.17
BD+40.2704      2460426.45831   0.00585   0.00118  -39.18    5.96  0.00118  0.00120 -0.00572  0.00118  1028.86  1081.07  1029.39   981.70  1074.21  1026.55   974.88  1026.16
BD+40.2704      2460426.45846   0.00531   0.00121  -20.16    6.78  0.00405  0.00122 -0.00343  0.00120  1029.28  1080.04  1029.76   980.60  1074.93  1025.58   975.60  1025.01
BD+40.2704      2460426.45861   0.00084   0.00120  -42.38   61.44  0.00008  0.00121 -0.00084  0.00120  1029.17  1081.15  1029.77   981.78  1075.32  1026.86   975.93  1026.42
BD+40.2704      2460426.45876   0.00128   0.00120  -25.38   61.44  0.00081  0.00122 -0.00099  0.00120  1027.31  1080.34  1027.87   980.85  1073.10  1025.88   973.72  1025.45
BD+40.2704      2460426.45906   0.00214   0.00119    5.28   20.09  0.00210  0.00119  0.00039  0.00117  1028.83  1082.56  1029.42   983.15  1075.22  1028.31   975.81  1027.83
BD+40.2704      2460426.45921   0.00121   0.00117  -47.50   61.44 -0.00011  0.00119 -0.00121  0.00117  1028.06  1079.99  1028.74   980.43  1074.70  1025.71   975.37  1025.32
BD+40.2704      2460432.26847   0.00368   0.00190   15.31   18.04  0.00317  0.00191  0.00188  0.00188  1031.64  1083.09  1032.28   983.51  1078.80  1028.46   979.42  1027.89
BD+40.2704      2460432.26862   0.00062   0.00181   81.13   61.44 -0.00059  0.00181  0.00019  0.00180  1031.36  1083.93  1031.92   984.56  1078.61  1029.17   979.31  1028.66
BD+40.2704      2460432.26877   0.00476   0.00171    7.80   11.29  0.00459  0.00171  0.00128  0.00169  1031.06  1083.17  1031.64   983.72  1078.29  1028.47   978.96  1027.91
BD+40.2704      2460432.26892   0.00266   0.00162  -59.92   22.83 -0.00133  0.00163 -0.00231  0.00161  1031.71  1083.01  1032.32   983.55  1079.01  1028.27   979.66  1027.72
BD+40.2704      2460432.26907   0.00021   0.00153  -40.23   61.44  0.00004  0.00155 -0.00021  0.00153  1030.98  1082.76  1031.51   983.31  1078.27  1027.98   978.96  1027.49
BD+40.2704      2460432.26922   0.00384   0.00155  -34.38   13.04  0.00139  0.00157 -0.00358  0.00155  1031.32  1082.71  1031.88   983.25  1078.56  1028.02   979.27  1027.46
BD+40.2704      2460432.26938   0.00192   0.00159   -3.51   61.44  0.00191  0.00159 -0.00023  0.00157  1031.01  1082.81  1031.57   983.39  1078.25  1028.09   978.90  1027.51
BD+40.2704      2460432.26954   0.00163   0.00168   34.74   61.44  0.00057  0.00169  0.00152  0.00168  1031.73  1083.41  1032.30   983.98  1078.97  1028.66   979.66  1028.14
BD+40.2704      2460432.26969   0.00341   0.00157  -49.89   15.50 -0.00058  0.00159 -0.00336  0.00157  1030.78  1083.09  1031.41   983.64  1077.81  1028.31   978.51  1027.81
BD+40.2704      2460432.26984   0.00191   0.00152   14.37   61.44  0.00168  0.00152  0.00092  0.00152  1032.00  1083.31  1032.51   983.95  1079.15  1028.63   979.82  1028.14
BD+40.2704      2460433.27440   0.00262   0.00123   -1.63   15.91  0.00261  0.00123 -0.00015  0.00121  1044.57  1084.56  1045.24   985.25  1090.91  1029.47   991.85  1028.97
BD+40.2704      2460433.27471   0.00291   0.00121   11.25   13.57  0.00269  0.00122  0.00111  0.00120  1045.03  1084.39  1045.59   985.10  1091.47  1029.35   992.30  1028.81
BD+40.2704      2460433.27503   0.00336   0.00122   11.87   11.43  0.00308  0.00122  0.00135  0.00120  1033.65  1083.50  1034.27   984.21  1080.37  1028.32   981.18  1027.80
BD+40.2704      2460433.27535   0.00512   0.00120   -4.13    6.98  0.00507  0.00120 -0.00074  0.00118  1033.43  1082.15  1034.06   982.64  1080.10  1027.51   980.81  1027.03
BD+40.2704      2460433.27598   0.00436   0.00122  -10.54    8.45  0.00407  0.00122 -0.00157  0.00120  1027.57  1080.10  1028.08   980.70  1074.18  1025.33   974.81  1024.76
BD+40.2704      2460433.27661   0.00349   0.00121   -2.36   10.84  0.00347  0.00121 -0.00029  0.00119  1027.24  1078.72  1027.74   979.04  1074.05  1024.72   974.69  1024.19
BD+40.2704      2460433.27692   0.00418   0.00122  -12.17    8.88  0.00381  0.00122 -0.00172  0.00121  1026.77  1078.43  1027.20   978.97  1074.30  1023.83   975.00  1023.28
BD+40.2704      2460433.27725   0.00445   0.00120  -15.63    8.15  0.00381  0.00121 -0.00231  0.00120  1026.91  1076.96  1027.53   977.60  1073.09  1021.98   973.81  1021.48
BD+40.2704      2460433.27797   0.00365   0.00122   -1.06   10.37  0.00364  0.00122 -0.00014  0.00121  1021.69  1074.81  1022.32   975.13  1068.67  1020.01   969.34  1019.50
BD+40.2704      2460433.27830   0.00412   0.00122  -16.41    9.00  0.00346  0.00122 -0.00223  0.00120  1030.19  1075.60  1030.78   976.62  1076.43  1020.44   977.18  1019.84
BD+40.2704      2460433.27861   0.00431   0.00121  -22.31    8.49  0.00307  0.00123 -0.00303  0.00119  1033.09  1076.04  1033.68   976.58  1079.57  1021.55   980.27  1021.05
BD+40.2704      2460433.27892   0.00460   0.00119  -10.48    7.80  0.00429  0.00120 -0.00165  0.00117  1033.82  1075.85  1034.39   976.53  1079.88  1021.01   980.61  1020.54
BD+40.2704      2460438.26209   0.00350   0.00114  -10.59   10.06  0.00327  0.00114 -0.00127  0.00112  1031.31  1079.23  1031.88   979.74  1076.97  1024.49   977.62  1023.92
BD+40.2704      2460438.26242   0.00166   0.00114   -7.10   27.51  0.00161  0.00114 -0.00041  0.00113  1030.42  1078.69  1031.02   979.25  1076.21  1023.94   976.90  1023.45
BD+40.2704      2460438.26274   0.00381   0.00113  -14.27    9.08  0.00334  0.00114 -0.00182  0.00112  1032.71  1080.91  1033.34   981.42  1078.61  1026.28   979.29  1025.77
BD+40.2704      2460438.26306   0.00341   0.00114   -6.82   10.35  0.00331  0.00114 -0.00080  0.00112  1032.56  1080.39  1033.10   981.05  1078.34  1025.84   979.00  1025.34
BD+40.2704      2460438.26338   0.00186   0.00115    1.61   23.42  0.00185  0.00115  0.00010  0.00113  1029.72  1078.95  1030.34   979.38  1075.65  1024.24   976.32  1023.71
BD+40.2704      2460438.26369   0.00186   0.00117    0.68   23.93  0.00186  0.00117  0.00004  0.00115  1029.45  1077.43  1030.02   978.05  1075.58  1022.50   976.20  1022.01
BD+40.2704      2460438.26402   0.00538   0.00117  -10.07    6.41  0.00506  0.00117 -0.00185  0.00114  1031.42  1078.09  1032.09   978.65  1077.24  1023.21   977.91  1022.70
BD+40.2704      2460438.26433   0.00221   0.00116    2.48   18.47  0.00221  0.00116  0.00019  0.00114  1031.34  1078.43  1031.94   978.91  1077.20  1023.88   977.90  1023.36
BD+40.2704      2460438.26464   0.00328   0.00116    9.13   11.11  0.00312  0.00116  0.00103  0.00115  1031.13  1077.23  1031.72   977.74  1077.22  1022.52   977.93  1022.02
BD+40.2704      2460459.28782   0.00264   0.00114   40.03   14.16  0.00046  0.00116  0.00260  0.00114  1030.34  1083.97  1030.72   984.52  1074.85  1030.28   975.11  1029.25
BD+40.2704      2460459.28812   0.00288   0.00116   -7.66   12.96  0.00278  0.00116 -0.00076  0.00113  1031.23  1083.60  1031.63   984.20  1075.48  1029.84   976.11  1029.51
BD+40.2704      2460459.28828   0.00183   0.00116   -7.97   24.46  0.00176  0.00116 -0.00050  0.00114  1029.77  1083.22  1030.17   983.85  1073.44  1029.54   974.22  1029.20
BD+40.2704      2460459.28843   0.00237   0.00117   -8.99   16.92  0.00225  0.00117 -0.00073  0.00114  1030.96  1083.74  1031.43   984.40  1075.60  1029.94   976.28  1029.64
BD+40.2704      2460459.28858   0.00317   0.00115   -5.97   11.50  0.00310  0.00115 -0.00066  0.00113  1030.50  1083.58  1030.94   984.18  1074.14  1029.58   974.88  1029.23
BD+40.2704      2460459.28873   0.00106   0.00112   33.23   61.44  0.00042  0.00115  0.00098  0.00112  1030.39  1083.83  1030.75   984.50  1074.31  1029.68   975.02  1029.55
BD+40.2704      2460459.28888   0.00120   0.00115   14.95   61.44  0.00104  0.00116  0.00060  0.00113  1029.59  1084.33  1029.98   984.94  1073.34  1030.24   974.19  1029.99
BD+40.2704      2460460.28125   0.00084   0.00114   49.22   61.44 -0.00012  0.00116  0.00083  0.00114  1030.12  1084.94  1030.57   985.64  1077.23  1030.33   977.90  1030.00
BD+40.2704      2460460.28156   0.00200   0.00116   -0.19   21.36  0.00200  0.00116 -0.00001  0.00115  1028.48  1083.24  1028.91   983.78  1075.43  1028.51   976.18  1028.18
BD+40.2704      2460460.28198   0.00508   0.00117    7.32    6.82  0.00491  0.00117  0.00128  0.00115  1029.77  1082.10  1029.16   985.14  1077.00  1027.11   977.66  1026.79
BD+40.2704      2460460.28262   0.00080   0.00115  -62.16   61.44 -0.00045  0.00117 -0.00066  0.00114  1029.94  1081.53  1030.35   981.99  1076.91  1031.01   977.95  1026.21
BD+40.2704      2460460.28421   0.00254   0.00115  -25.70   15.13  0.00159  0.00116 -0.00199  0.00114  1028.86  1081.27  1029.24   981.78  1076.91  1031.01   977.32  1026.50
BD+40.2704      2460461.27184   0.00100   0.00118  -63.96   61.44 -0.00061  0.00118 -0.00079  0.00117  1026.80  1084.93  1027.19   985.53  1072.65  1030.30   973.39  1030.04
BD+40.2704      2460461.27280   0.00233   0.00118  -14.48   17.67  0.00204  0.00119 -0.00113  0.00117  1026.89  1083.36  1027.29   983.97  1072.73  1028.96   973.48  1028.71
BD+40.2704      2460461.27376   0.00235   0.00118   84.46   17.42 -0.00231  0.00119  0.00045  0.00116  1026.06  1083.41  1026.39   984.09  1071.94  1029.14   972.60  1028.86
BD+40.2704      2460461.27471   0.00464   0.00119    1.60    7.69  0.00463  0.00119  0.00026  0.00117  1026.07  1083.38  1026.36   983.98  1072.34  1028.96   972.99  1028.68
BD+40.2704      2460461.27662   0.00166   0.00120   -6.23   61.44  0.00162  0.00120 -0.00036  0.00118  1025.42  1082.97  1025.84   983.56  1071.66  1028.52   972.40  1028.32
BD+40.2704      2460461.27758   0.00284   0.00119  -10.51   13.65  0.00265  0.00119 -0.00102  0.00117  1025.86  1083.06  1026.26   983.62  1071.84  1028.56   972.51  1028.33
BD+40.2704      2460461.27949   0.00097   0.00117  -42.85   61.44  0.00007  0.00119 -0.00097  0.00117  1025.72  1083.43  1026.09   984.00  1071.83  1028.92   972.44  1028.64
BD+59.389       2460483.58626   0.06190   0.00079  -79.93    0.36 -0.05812  0.00079 -0.02131  0.00078  1030.14  1082.62  1030.51   983.62  1077.72  1028.13   978.50  1027.83
BD+59.389       2460483.58657   0.06069   0.00079  -79.89    0.37 -0.05695  0.00079 -0.02098  0.00079  1030.77  1082.46  1031.08   983.82  1077.63  1027.53   978.54  1027.34
BD+59.389       2460483.58690   0.06268   0.00079  -79.98    0.36 -0.05888  0.00079 -0.02148  0.00078  1029.22  1083.34  1029.52   984.23  1076.21  1027.99   977.00  1027.66
BD+59.389       2460483.58721   0.06174   0.00079  -79.71    0.37 -0.05780  0.00079 -0.02169  0.00079  1027.93  1082.01  1028.23   982.99  1075.60  1026.55   976.42  1026.26
BD+59.389       2460483.58752   0.06203   0.00079  -79.30    0.36 -0.05775  0.00079 -0.02262  0.00078  1026.02  1082.47  1026.30   983.30  1074.01  1027.10   974.74  1026.76
BD+59.389       2460485.56994   0.05987   0.00082  -80.06    0.39 -0.05630  0.00082 -0.02037  0.00078  1031.52  1083.37  1031.87   983.90  1079.50  1028.51   980.45  1028.32
BD+59.389       2460485.57027   0.06071   0.00081  -79.87    0.38 -0.05695  0.00082 -0.02103  0.00079  1031.15  1083.55  1031.48   984.25  1079.36  1028.73   980.11  1028.36
BD+59.389       2460485.57058   0.06244   0.00081  -80.30    0.37 -0.05889  0.00081 -0.02075  0.00078  1031.64  1084.81  1031.98   985.70  1079.33  1029.34   980.12  1029.02
BD+59.389       2460485.57090   0.05945   0.00081  -79.78    0.39 -0.05570  0.00082 -0.02076  0.00079  1031.45  1084.27  1031.86   985.13  1079.03  1029.28   979.91  1029.03
BD+59.389       2460485.57122   0.06106   0.00081  -79.19    0.38 -0.05677  0.00081 -0.02249  0.00079  1030.86  1083.62  1031.18   983.68  1079.51  1029.35   980.40  1029.12
BD+59.389       2460487.57539   0.06077   0.00078  -80.06    0.37 -0.05714  0.00078 -0.02067  0.00077  1024.95  1082.67  1025.35   983.32  1073.56  1027.55   974.40  1027.28
BD+59.389       2460487.57581   0.06285   0.00079  -79.55    0.36 -0.05871  0.00079 -0.02242  0.00078  1024.52  1085.31  1024.81   985.70  1073.78  1030.18   974.53  1029.87
BD+59.389       2460487.57613   0.06180   0.00078  -79.47    0.36 -0.05767  0.00078 -0.02221  0.00077  1025.63  1083.99  1025.94   984.52  1074.36  1029.28   975.13  1028.93
BD+59.389       2460487.57645   0.06345   0.00078  -79.66    0.35 -0.05936  0.00078 -0.02241  0.00077  1025.25  1084.38  1025.76   984.67  1073.70  1029.77   974.46  1029.45
BD+59.389       2460487.57677   0.06170   0.00079  -78.92    0.37 -0.05714  0.00079 -0.02327  0.00079  1024.71  1084.25  1025.15   984.72  1074.35  1029.35   975.16  1029.11
BD+64.106       2460484.58582   0.05091   0.00099  -80.72    0.56 -0.04826  0.00100 -0.01619  0.00098  1024.61  1079.15  1024.96   979.90  1071.67  1024.42   972.43  1024.11
BD+64.106       2460484.58691   0.05147   0.00099  -80.67    0.55 -0.04876  0.00100 -0.01647  0.00098  1021.43  1077.89  1021.77   978.56  1069.12  1022.98   969.84  1022.68
BD+64.106       2460484.58727   0.05173   0.00099  -80.65    0.55 -0.04900  0.00099 -0.01658  0.00099  1020.22  1076.89  1020.60   977.52  1067.80  1021.98   968.53  1021.73
BD+64.106       2460484.58763   0.05152   0.00099  -80.18    0.55 -0.04852  0.00099 -0.01732  0.00099  1019.15  1076.80  1019.55   977.51  1066.52  1022.26   967.25  1021.95
BD+64.106       2460486.58035   0.05189   0.00098  -80.66    0.54 -0.04916  0.00098 -0.01662  0.00100  1023.39  1083.28  1023.76   983.82  1071.44  1027.84   972.12  1027.49
BD+64.106       2460486.58071   0.05101   0.00098  -80.40    0.55 -0.04817  0.00098 -0.01678  0.00100  1022.50  1082.34  1022.72   982.87  1070.40  1027.33   971.12  1027.13
BD+64.106       2460486.58106   0.05099   0.00099  -80.40    0.56 -0.04815  0.00099 -0.01676  0.00100  1021.26  1082.11  1021.62   982.87  1068.46  1027.19   969.12  1026.88
BD+64.106       2460486.58144   0.05298   0.00099  -80.16    0.53 -0.04988  0.00099 -0.01784  0.00100  1019.80  1082.23  1020.10   982.98  1067.54  1026.76   968.17  1026.38
BD+64.106       2460486.58179   0.05274   0.00099  -81.84    0.54 -0.05061  0.00099 -0.01483  0.00101  1019.09  1081.24  1019.35   982.23  1066.26  1025.92   966.93  1025.57
BD+64.106       2460486.58215   0.05288   0.00099  -80.69    0.54 -0.05011  0.00099 -0.01688  0.00101  1017.88  1080.90  1018.27   981.69  1065.03  1025.61   965.72  1025.33
BD+64.106       2460487.58282   0.05321   0.00098  -79.44    0.53 -0.04963  0.00098 -0.01917  0.00097  1023.94  1088.63  1024.45   989.58  1072.96  1033.93   973.68  1033.59
BD+64.106       2460487.58318   0.05182   0.00098  -79.27    0.54 -0.04822  0.00098 -0.01896  0.00098  1022.54  1088.63  1022.88   989.42  1070.93  1033.61   971.66  1033.35
BD+64.106       2460487.58355   0.05316   0.00100  -79.25    0.54 -0.04946  0.00100 -0.01948  0.00099  1022.23  1088.79  1022.63   989.53  1070.77  1033.95   971.52  1033.68
BD+64.106       2460487.58391   0.05449   0.00099  -78.97    0.52 -0.05051  0.00099 -0.02046  0.00097  1021.87  1088.07  1022.23   989.04  1070.57  1033.14   971.30  1032.88
BD+64.106       2460487.58428   0.05338   0.00098  -80.29    0.53 -0.05035  0.00098 -0.01775  0.00098  1022.41  1088.64  1022.66   989.01  1071.11  1033.78   971.83  1033.45
BD+64.106       2460487.58465   0.05219   0.00099  -78.54    0.54 -0.04807  0.00099 -0.02033  0.00098  1022.67  1088.24  1023.06   989.02  1071.28  1033.18   971.98  1032.86
BD+64.106       2460487.58501   0.05222   0.00098  -79.87    0.54 -0.04899  0.00098 -0.01809  0.00097  1021.97  1088.88  1022.60   989.60  1070.74  1033.56   971.44  1033.28
HD154892        2460432.49076   0.00376   0.00090   -7.20    7.17  0.00364  0.00091 -0.00094  0.00089  1036.05  1081.83  1036.59   982.25  1083.36  1026.96   984.01  1026.40
HD154892        2460432.49106   0.00187   0.00090  -13.77   16.43  0.00166  0.00090 -0.00086  0.00089  1035.82  1081.96  1036.39   982.42  1082.99  1027.31   983.63  1026.81
HD154892        2460432.49135   0.00297   0.00090   -6.22    9.26  0.00290  0.00090 -0.00064  0.00088  1035.31  1082.25  1035.83   982.73  1082.60  1027.46   983.29  1026.94
HD154892        2460432.49166   0.00241   0.00175    1.15   61.44  0.00240  0.00175  0.00010  0.00173  1036.75  1082.15  1037.32   982.66  1083.76  1027.47   984.40  1027.02
HD154892        2460432.49225   0.00278   0.00089  -24.26    9.92  0.00184  0.00090 -0.00208  0.00088  1035.44  1082.43  1036.03   982.90  1082.52  1027.59   983.23  1027.17
HD154892        2460432.49255   0.00093   0.00090  -20.02   61.44  0.00071  0.00090 -0.00060  0.00089  1035.20  1081.58  1035.71   982.09  1082.18  1026.87   982.83  1026.43
HD154892        2460432.49284   0.00181   0.00090   -9.95   17.19  0.00170  0.00090 -0.00062  0.00089  1035.52  1082.26  1036.08   982.82  1082.75  1027.62   983.47  1027.16
HD154892        2460432.49313   0.00335   0.00090  -14.19    8.11  0.00294  0.00090 -0.00159  0.00089  1035.19  1082.76  1035.73   983.32  1082.23  1027.90   982.88  1027.48
HD154892        2460438.53063   0.00346   0.00092   -9.16    7.98  0.00328  0.00092 -0.00109  0.00090  1030.82  1082.63  1031.34   983.20  1076.76  1027.97   977.33  1027.50
HD154892        2460438.53091   0.00325   0.00092  -13.30    8.58  0.00290  0.00092 -0.00145  0.00091  1031.39  1083.21  1032.10   983.75  1077.17  1028.46   977.80  1027.95
HD154892        2460438.53122   0.00495   0.00092   -9.65    5.46  0.00467  0.00092 -0.00164  0.00090  1030.48  1083.20  1031.06   983.77  1076.43  1028.67   977.07  1028.12
HD154892        2460438.53150   0.00351   0.00092  -11.61    7.84  0.00323  0.00092 -0.00139  0.00091  1030.53  1082.99  1031.17   983.52  1076.48  1028.64   977.07  1028.08
HD154892        2460438.53179   0.00358   0.00092    3.10    7.72  0.00356  0.00092  0.00039  0.00091  1030.26  1083.03  1030.89   983.55  1075.78  1028.27   976.33  1027.81
HD154892        2460438.53209   0.00459   0.00091   -7.15    5.85  0.00445  0.00091 -0.00113  0.00090  1030.61  1083.35  1031.26   983.93  1076.76  1028.52   977.38  1027.97
HD154892        2460438.53238   0.00556   0.00091   -9.03    4.80  0.00528  0.00092 -0.00172  0.00089  1030.94  1083.72  1031.50   984.31  1077.02  1029.19   977.59  1028.77
HD154892        2460438.53267   0.00291   0.00093    1.55    9.84  0.00290  0.00093  0.00016  0.00091  1031.14  1083.62  1031.75   984.18  1077.09  1028.84   977.78  1028.26
HD154892        2460438.53326   0.00334   0.00092   -7.74    8.37  0.00321  0.00092 -0.00089  0.00091  1031.33  1083.02  1031.93   983.61  1077.32  1028.34   977.81  1027.92
HD154892        2460460.44260   0.00438   0.00092   -2.72    6.21  0.00436  0.00092 -0.00042  0.00090  1030.19  1080.46  1030.45   980.92  1077.60  1025.45   978.24  1025.27
HD154892        2460460.44344   0.00281   0.00092  -16.05   10.16  0.00238  0.00093 -0.00150  0.00091  1029.92  1079.46  1030.18   979.93  1077.94  1024.29   978.49  1024.03
HD154892        2460460.44433   0.00443   0.00092  -21.66    6.10  0.00322  0.00093 -0.00304  0.00090  1030.33  1078.77  1030.67   979.14  1078.64  1023.66   979.26  1023.38
HD154892        2460460.44492   0.00268   0.00091  -19.70   10.57  0.00207  0.00092 -0.00170  0.00089  1031.07  1079.58  1031.37   980.02  1078.86  1024.75   979.42  1024.43
HD154892        2460461.43819   0.00350   0.00092  -25.58    7.91  0.00220  0.00094 -0.00273  0.00091  1033.03  1084.04  1033.40   984.53  1079.51  1029.35   980.17  1029.05
HD154892        2460461.44755   0.00334   0.00095  -12.45    8.62  0.00303  0.00095 -0.00141  0.00094  1029.82  1076.03  1030.17   976.47  1076.20  1021.47   976.79  1021.19
HD154892        2460477.30524   0.00143   0.00039   -6.89    8.15  0.00139  0.00039 -0.00034  0.00038  1033.02  1086.63  1033.38   987.22  1081.46  1032.86   982.31  1032.52
HD154892        2460477.30587   0.00472   0.00103  -13.22    6.46  0.00423  0.00103 -0.00210  0.00103  1023.84  1080.78  1024.06   981.40  1072.43  1026.44   973.20  1026.15
HD154892        2460477.30646   0.00519   0.00104   -9.00    5.92  0.00493  0.00104 -0.00160  0.00102  1025.94  1081.17  1026.34   981.82  1072.38  1026.27   973.09  1026.04
HD183143        2460438.60450   0.06251   0.00061   -2.36    0.28  0.06230  0.00061 -0.00514  0.00060  1029.30  1078.88  1029.84   979.41  1074.90  1023.89   975.62  1023.33
HD183143        2460438.60463   0.06234   0.00059   -3.64    0.27  0.06184  0.00059 -0.00790  0.00059  1028.80  1078.35  1029.45   978.88  1074.47  1023.04   975.19  1022.54
HD183143        2460438.60475   0.06210   0.00061   -2.87    0.28  0.06179  0.00061 -0.00621  0.00059  1028.98  1077.71  1029.53   978.35  1075.80  1022.85   976.50  1022.36
HD183143        2460438.60487   0.06420   0.00061   -3.65    0.27  0.06368  0.00061 -0.00817  0.00060  1028.57  1077.88  1029.17   978.41  1074.65  1022.69   975.29  1022.11
HD183143        2460438.60499   0.06390   0.00061   -3.50    0.27  0.06342  0.00061 -0.00778  0.00060  1028.75  1077.58  1029.34   978.18  1074.18  1022.64   974.90  1022.16
HD183143        2460438.60512   0.06215   0.00060   -4.07    0.28  0.06153  0.00060 -0.00880  0.00059  1029.56  1077.17  1030.16   977.77  1075.34  1022.85   976.03  1022.41
HD183143        2460438.60523   0.06220   0.00061   -3.30    0.28  0.06179  0.00061 -0.00715  0.00060  1028.73  1076.78  1029.22   977.48  1075.94  1021.84   976.55  1021.34
HD183143        2460438.60536   0.06162   0.00061   -3.66    0.29  0.06112  0.00061 -0.00785  0.00061  1029.16  1079.93  1029.83   980.04  1076.26  1021.99   977.01  1021.47
HD183143        2460459.52222   0.06077   0.00063   -2.59    0.30  0.06052  0.00063 -0.00549  0.00062  1024.29  1082.11  1024.62   982.74  1071.13  1027.52   971.85  1027.29
HD183143        2460459.52235   0.06086   0.00063   -2.57    0.30  0.06062  0.00063 -0.00545  0.00062  1025.83  1081.31  1026.17   981.95  1072.80  1026.66   973.44  1026.37
HD183143        2460459.52247   0.06033   0.00062   -2.60    0.29  0.06008  0.00062 -0.00547  0.00061  1024.35  1081.63  1024.74   982.24  1070.93  1027.41   971.64  1027.12
HD183143        2460459.52285   0.06075   0.00063   -2.46    0.30  0.06052  0.00063 -0.00522  0.00062  1025.18  1081.31  1025.58   981.96  1071.09  1026.79   971.80  1026.58
HD183143        2460477.41795   0.05788   0.00063   -3.26    0.31  0.05750  0.00063 -0.00657  0.00062  1033.55  1081.93  1033.93   982.62  1078.65  1028.13   979.55  1027.80
HD183143        2460477.41824   0.05809   0.00064   -1.96    0.31  0.05796  0.00064 -0.00396  0.00063  1031.16  1080.76  1031.59   981.53  1076.82  1026.08   977.71  1025.76
HD183143        2460477.41852   0.06210   0.00063   -2.38    0.29  0.06189  0.00063 -0.00516  0.00062  1024.08  1076.01  1024.52   976.49  1070.57  1022.55   971.43  1022.25
HD183143        2460477.41881   0.05964   0.00062   -3.37    0.30  0.05923  0.00062 -0.00700  0.00062  1023.85  1074.65  1024.21   975.33  1070.00  1021.18   970.78  1020.83
HD204827        2460461.54150   0.05158   0.00051   61.02    0.28 -0.02736  0.00051  0.04373  0.00050  1027.09  1084.65  1027.38   985.31  1073.26  1030.03   973.95  1029.74
HD204827        2460461.54183   0.05244   0.00051   61.05    0.28 -0.02787  0.00051  0.04442  0.00050  1027.36  1084.95  1027.76   985.61  1073.67  1030.49   974.35  1030.23
HD204827        2460461.54214   0.05268   0.00051   60.88    0.28 -0.02773  0.00051  0.04479  0.00051  1027.72  1085.34  1028.14   985.89  1073.98  1030.76   974.69  1030.54
HD204827        2460461.54307   0.05210   0.00087   61.49    0.48 -0.02836  0.00088  0.04371  0.00087  1028.23  1085.54  1028.48   986.20  1074.53  1031.31   975.15  1031.00
HD204827        2460461.54319   0.05104   0.00087   61.89    0.49 -0.02838  0.00088  0.04242  0.00087  1028.43  1084.13  1028.90   984.64  1074.67  1029.51   975.42  1029.29
HD204827        2460461.54345   0.05279   0.00087   60.67    0.47 -0.02745  0.00088  0.04509  0.00087  1028.29  1084.81  1028.67   985.47  1074.65  1030.25   975.37  1029.98
HD204827        2460461.54358   0.05226   0.00088   60.65    0.48 -0.02714  0.00089  0.04466  0.00087  1027.93  1083.97  1028.33   984.43  1074.28  1029.53   974.95  1029.18
HD204827        2460461.54370   0.05137   0.00087   61.03    0.49 -0.02727  0.00088  0.04354  0.00087  1028.01  1084.23  1028.37   984.88  1074.25  1029.79   974.92  1029.43
HD212311        2460459.58038   0.00541   0.00114   -8.38    6.25  0.00518  0.00114 -0.00156  0.00114  1027.02  1082.22  1027.41   982.74  1072.97  1027.66   973.72  1027.40
HD212311        2460459.58094   0.00349   0.00115  -18.22   10.20  0.00281  0.00115 -0.00207  0.00115  1026.22  1081.93  1026.55   982.43  1072.70  1027.55   973.34  1027.22
HD212311        2460459.58205   0.00380   0.00114   12.48    9.17  0.00345  0.00114  0.00160  0.00115  1026.56  1081.29  1026.94   981.74  1073.02  1026.74   973.60  1026.50
HD212311        2460459.58266   0.00482   0.00116  -20.81    7.20  0.00360  0.00116 -0.00320  0.00117  1027.48  1082.15  1027.79   982.60  1073.30  1027.70   973.95  1027.41
HD212311        2460459.58322   0.00327   0.00116    8.10   11.20  0.00314  0.00116  0.00091  0.00116  1026.25  1081.68  1026.58   982.18  1072.22  1027.23   972.78  1026.90
HD212311        2460459.58377   0.00346   0.00115  -10.02   10.33  0.00325  0.00115 -0.00119  0.00116  1026.32  1080.85  1026.73   981.25  1072.67  1026.70   973.34  1026.38
HD212311        2460459.58433   0.00251   0.00117  -16.93   15.69  0.00208  0.00116 -0.00140  0.00118  1026.55  1080.61  1026.98   981.11  1072.50  1026.30   973.14  1026.04
HD212311        2460459.58488   0.00635   0.00115   -8.97    5.31  0.00604  0.00115 -0.00195  0.00116  1026.14  1080.46  1026.34   981.01  1072.56  1026.00   973.15  1025.73
HD212311        2460461.53279   0.00400   0.00134  -32.62   10.46  0.00167  0.00136 -0.00363  0.00134  1030.74  1082.27  1031.09   982.75  1077.45  1027.75   978.03  1027.42
Hiltner960      2460459.52645   0.05533   0.00111   54.78    0.57 -0.01853  0.00112  0.05213  0.00111  1030.98  1082.92  1031.23   983.57  1077.54  1028.45   978.33  1028.20
Hiltner960      2460459.52662   0.05449   0.00111   56.46    0.58 -0.02122  0.00113  0.05019  0.00111  1030.84  1083.05  1031.21   983.66  1077.32  1028.60   978.12  1028.34
Hiltner960      2460459.52679   0.05424   0.00111   54.74    0.58 -0.01809  0.00112  0.05114  0.00111  1030.28  1082.79  1030.59   983.42  1076.83  1028.33   977.51  1028.05
Hiltner960      2460459.52697   0.05295   0.00111   55.73    0.60 -0.01937  0.00112  0.04928  0.00111  1030.43  1082.74  1030.84   983.31  1076.99  1028.17   977.73  1027.89
Hiltner960      2460459.52714   0.05648   0.00111   55.31    0.56 -0.01990  0.00112  0.05286  0.00110  1030.25  1083.60  1030.63   984.18  1076.74  1029.09   977.43  1028.82
Hiltner960      2460459.52731   0.05357   0.00110   56.53    0.59 -0.02098  0.00112  0.04929  0.00110  1030.68  1083.06  1031.07   983.59  1077.32  1028.38   978.03  1028.08
Hiltner960      2460459.52749   0.05200   0.00111   55.38    0.61 -0.01843  0.00113  0.04863  0.00111  1029.93  1083.42  1030.30   984.16  1076.29  1029.00   977.01  1028.73
Hiltner960      2460459.52766   0.05164   0.00111   54.33    0.61 -0.01652  0.00112  0.04892  0.00110  1029.83  1082.75  1030.15   983.28  1076.23  1028.41   976.96  1028.10
Hiltner960      2460459.52784   0.05384   0.00111   55.75    0.59 -0.01974  0.00112  0.05009  0.00111  1029.47  1083.17  1029.86   983.77  1076.05  1028.45   976.77  1028.16
Hiltner960      2460459.52801   0.05300   0.00111   55.93    0.60 -0.01973  0.00113  0.04919  0.00111  1030.17  1083.01  1030.51   983.62  1076.99  1028.55   977.70  1028.33
Hiltner960      2460477.41374   0.05209   0.00078   55.55    0.43 -0.01876  0.00079  0.04859  0.00078  1028.10  1080.68  1028.47   981.35  1073.61  1026.26   974.48  1025.97
Hiltner960      2460477.41414   0.05376   0.00078   55.14    0.41 -0.01864  0.00079  0.05043  0.00077  1029.47  1081.28  1029.85   982.00  1075.14  1027.08   976.01  1026.74
Hiltner960      2460477.41454   0.05197   0.00078   55.48    0.43 -0.01860  0.00079  0.04853  0.00078  1030.09  1080.80  1030.50   981.61  1075.46  1026.80   976.30  1026.45
Hiltner960      2460477.41495   0.05254   0.00078   54.85    0.42 -0.01771  0.00079  0.04947  0.00078  1028.94  1081.80  1029.27   982.67  1074.30  1027.22   975.15  1026.98
Hiltner960      2460477.41536   0.05251   0.00078   55.22    0.42 -0.01834  0.00078  0.04921  0.00078  1028.82  1081.69  1029.19   982.36  1074.62  1027.59   975.46  1027.30
ST_B_1725+1152_112460459.44454   0.00533   0.00252   88.59   15.99 -0.00532  0.00252  0.00026  0.00249  1030.73  1081.79  1031.12   982.38  1077.51  1027.23   978.14  1026.93
ST_B_1725+1152_112460459.44505   0.00466   0.00252  -89.36   19.24 -0.00466  0.00252 -0.00010  0.00247  1030.55  1081.81  1031.03   982.43  1077.41  1027.18   978.05  1026.86
ST_B_1725+1152_112460459.44558   0.00477   0.00252  -85.97   18.62 -0.00473  0.00252 -0.00067  0.00247  1030.82  1081.57  1031.26   982.17  1077.51  1026.88   978.29  1026.56
ST_B_1725+1152_112460459.44610   0.00386   0.00254   80.00   25.84 -0.00363  0.00255  0.00132  0.00250  1030.52  1082.14  1030.95   982.72  1077.28  1027.63   977.98  1027.34
ST_B_1725+1152_112460459.44662   0.00530   0.00258   78.98   16.66 -0.00492  0.00259  0.00199  0.00255  1029.96  1081.66  1030.34   982.21  1076.52  1027.12   977.25  1026.83
ST_B_1725+1152_112460459.44714   0.00655   0.00262  -84.38   12.92 -0.00642  0.00262 -0.00128  0.00258  1030.14  1081.63  1030.47   982.22  1076.79  1027.14   977.54  1026.81
ST_B_1725+1152_112460459.44766   0.00584   0.00271   77.72   15.62 -0.00531  0.00272  0.00243  0.00268  1029.92  1081.91  1030.32   982.41  1076.59  1027.35   977.25  1027.04
ST_B_1725+1152_112460459.44818   0.00760   0.00277   88.11   11.51 -0.00759  0.00277  0.00050  0.00273  1030.18  1082.24  1030.54   982.80  1076.81  1027.69   977.51  1027.43
ST_B_1725+1152_112460459.44890   0.00367   0.00273   77.16   61.44 -0.00331  0.00273  0.00159  0.00270  1029.89  1082.09  1030.32   982.65  1076.74  1027.51   977.43  1027.20
ST_B_1725+1152_112460459.44942   0.00399   0.00293   67.00   61.44 -0.00277  0.00296  0.00287  0.00291  1029.40  1082.24  1029.72   982.92  1076.12  1027.71   976.76  1027.46
ST_B_1725+1152_352460477.30072   0.00480   0.00165   81.88   10.74 -0.00461  0.00165  0.00134  0.00164  1029.71  1086.06  1030.09   986.63  1077.26  1031.92   978.05  1031.53
ST_B_1725+1152_352460477.30134   0.00462   0.00166   79.52   11.31 -0.00431  0.00166  0.00165  0.00165  1029.36  1085.29  1029.76   985.89  1076.58  1031.31   977.38  1031.00
ST_B_1725+1152_352460477.30200   0.00626   0.00166  -85.89    8.01 -0.00619  0.00166 -0.00089  0.00164  1029.03  1085.85  1029.44   986.43  1076.72  1031.43   977.53  1031.10
ST_B_1725+1152_352460477.30264   0.00589   0.00164   71.50    8.44 -0.00470  0.00164  0.00354  0.00164  1028.98  1085.85  1029.19   986.50  1076.88  1031.62   977.62  1031.40
ST_L_104_334    2460426.41251   0.00617   0.00301  -42.95   16.74  0.00044  0.00312 -0.00615  0.00301  1032.64  1083.62  1033.30   984.26  1078.07  1029.41   978.65  1028.94
ST_L_104_334    2460426.41286   0.00223   0.00318    3.79   61.44  0.00221  0.00318  0.00029  0.00305  1032.05  1083.47  1032.70   983.99  1078.18  1029.53   978.71  1029.03
ST_L_104_334    2460426.41321   0.00999   0.00319    3.95    9.86  0.00989  0.00320  0.00137  0.00309  1031.87  1083.12  1032.55   983.67  1077.83  1028.79   978.39  1028.20
ST_L_104_334    2460426.41355   0.00552   0.00309   11.08   20.22  0.00511  0.00309  0.00208  0.00306  1032.87  1083.52  1033.44   984.06  1078.68  1029.03   979.16  1028.60
ST_L_104_334    2460426.41390   0.01013   0.00305  -21.13    9.19  0.00749  0.00307 -0.00681  0.00302  1031.55  1082.97  1032.25   983.51  1077.88  1028.75   978.44  1028.26
ST_L_104_334    2460426.41425   0.00510   0.00305  -61.75   22.33 -0.00282  0.00317 -0.00425  0.00300  1031.31  1084.14  1031.80   984.66  1077.21  1029.68   977.97  1029.15
ST_L_104_334    2460426.41459   0.00139   0.00301  -28.98   61.44  0.00074  0.00308 -0.00118  0.00298  1032.13  1083.63  1032.75   984.20  1078.18  1028.94   978.74  1028.52
ST_L_104_334    2460426.41498   0.00273   0.00304  -85.94   61.44 -0.00270  0.00305 -0.00038  0.00298  1032.45  1083.91  1033.08   984.45  1078.27  1029.60   978.88  1029.14
ST_L_104_334    2460426.41532   0.00248   0.00303  -19.48   61.44  0.00193  0.00303 -0.00156  0.00302  1031.74  1083.48  1032.37   983.91  1077.54  1028.97   978.17  1028.53
ST_L_104_334    2460426.41567   0.00682   0.00312  -14.12   15.34  0.00600  0.00313 -0.00323  0.00309  1031.48  1083.19  1032.12   983.67  1077.37  1028.75   977.99  1028.26
ST_L_106_700    2460432.45862   0.00108   0.00088  -82.98   61.44 -0.00104  0.00088 -0.00026  0.00087  1029.67  1079.36  1030.24   979.99  1076.68  1024.69   977.32  1024.20
ST_L_106_700    2460432.45897   0.00045   0.00086  -60.96   61.44 -0.00024  0.00086 -0.00038  0.00085  1029.09  1079.01  1029.58   979.52  1075.92  1023.98   976.53  1023.44
ST_L_106_700    2460432.45914   0.00045   0.00086    9.30   61.44  0.00043  0.00086  0.00014  0.00085  1030.33  1079.64  1030.97   980.20  1077.30  1024.92   977.93  1024.49
ST_L_106_700    2460432.45932   0.00150   0.00087   76.73   21.13 -0.00135  0.00087  0.00067  0.00086  1030.17  1079.68  1030.71   980.26  1077.20  1024.91   977.82  1024.48
ST_L_106_700    2460432.45949   0.00193   0.00088   77.29   15.25 -0.00175  0.00088  0.00083  0.00087  1029.10  1078.96  1029.61   979.47  1075.78  1024.06   976.45  1023.54
ST_L_106_700    2460432.45966   0.00214   0.00090   81.92   13.62 -0.00206  0.00090  0.00060  0.00088  1029.01  1078.75  1029.60   979.29  1075.89  1023.76   976.48  1023.30
ST_L_106_700    2460438.49641   0.00297   0.00080   83.95    8.10 -0.00290  0.00080  0.00062  0.00078  1028.91  1088.03  1029.48   988.72  1075.37  1033.48   975.97  1032.95
ST_L_106_700    2460438.49659   0.00371   0.00080  -88.12    6.37 -0.00370  0.00080 -0.00024  0.00078  1029.75  1088.00  1030.32   988.64  1076.21  1033.35   976.80  1032.83
ST_L_106_700    2460438.49676   0.00460   0.00080  -85.36    5.07 -0.00454  0.00080 -0.00074  0.00078  1029.63  1087.39  1030.19   988.00  1075.67  1032.56   976.31  1032.10
ST_L_106_700    2460438.49693   0.00611   0.00080  -87.42    3.79 -0.00608  0.00080 -0.00055  0.00078  1029.84  1088.23  1030.47   988.79  1076.52  1033.70   977.19  1033.24
ST_L_106_700    2460438.49711   0.00552   0.00080   85.98    4.21 -0.00547  0.00080  0.00077  0.00078  1029.63  1088.12  1030.24   988.68  1076.43  1033.57   976.99  1033.11
ST_L_106_700    2460438.49729   0.00623   0.00080  -83.03    3.70 -0.00605  0.00080 -0.00150  0.00078  1029.25  1087.35  1029.69   987.96  1076.31  1032.89   976.88  1032.44
ST_L_106_700    2460438.49747   0.00375   0.00080   85.76    6.30 -0.00371  0.00080  0.00055  0.00078  1029.95  1087.96  1030.45   988.50  1076.26  1033.19   976.87  1032.70
ST_L_106_700    2460438.49764   0.00447   0.00080  -87.23    5.23 -0.00445  0.00080 -0.00043  0.00078  1028.69  1087.73  1029.29   988.32  1075.17  1033.28   975.80  1032.78
ST_L_107_599    2460426.47325   0.02196   0.00759  -53.69   10.80 -0.00656  0.00765 -0.02096  0.00759  1028.83  1076.37  1028.50   979.02  1074.23  1022.85   974.08  1021.83
ST_L_107_599    2460426.47370   0.02970   0.00926  -69.65    9.57 -0.02252  0.00947 -0.01937  0.00896  1027.49  1077.90  1027.83   978.01  1073.90  1021.33   974.08  1022.34
ST_L_107_599    2460426.47417   0.02940   0.00750  -71.75    7.65 -0.02363  0.00759 -0.01749  0.00733  1028.16  1077.90  1028.83   977.50  1073.90  1021.83   975.08  1022.34
ST_L_107_599    2460426.47463   0.04013   0.00782  -81.14    5.73 -0.03823  0.00787 -0.01222  0.00734  1028.83  1076.88  1029.50   977.50  1073.90  1020.82   974.41  1022.34
ST_L_107_599    2460426.47509   0.03298   0.00768  -78.65    6.93 -0.03043  0.00775 -0.01272  0.00729  1027.83  1075.35  1028.16   978.01  1074.23  1020.31   976.41  1020.82
ST_L_107_599    2460426.47578   0.01554   0.00751  -60.26   16.50 -0.00789  0.00769 -0.01339  0.00745  1028.83  1077.39  1030.17   978.01  1075.90  1022.34   975.75  1021.83
ST_L_107_599    2460426.47624   0.04331   0.00782  -68.75    5.29 -0.03193  0.00797 -0.02926  0.00764  1028.83  1077.90  1028.50   978.01  1073.57  1022.85   975.08  1023.36
ST_L_107_599    2460426.47683   0.02021   0.00721  -68.47   11.22 -0.01477  0.00725 -0.01380  0.00717  1028.83  1076.88  1027.83   976.99  1075.57  1023.36   975.75  1021.33
ST_L_107_599    2460426.47808   0.02114   0.00775   86.51   11.58 -0.02098  0.00775  0.00257  0.00738  1028.16  1075.86  1029.83   977.50  1074.23  1021.83   976.08  1021.83
ST_L_109_381    2460431.50255   0.00992   0.00055   87.66    1.58 -0.00989  0.00055  0.00081  0.00054  1028.36  1082.49  1028.93   982.86  1077.18  1027.53   977.77  1027.08
ST_L_109_381    2460431.50375   0.01065   0.00054   85.75    1.45 -0.01053  0.00054  0.00158  0.00053  1028.25  1082.41  1028.77   982.83  1076.77  1027.46   977.41  1027.03
ST_L_109_381    2460431.50497   0.01017   0.00054   84.11    1.51 -0.00996  0.00054  0.00208  0.00053  1028.62  1081.99  1029.18   982.45  1076.84  1027.05   977.42  1026.57
ST_L_109_381    2460431.50618   0.01127   0.00054   83.87    1.36 -0.01101  0.00054  0.00239  0.00053  1028.53  1082.23  1029.11   982.76  1076.81  1027.48   977.44  1026.96
ST_L_109_381    2460431.50738   0.01111   0.00053   87.65    1.38 -0.01108  0.00053  0.00091  0.00053  1028.47  1082.48  1029.00   983.00  1076.77  1027.47   977.37  1026.96
ST_L_109_381    2460432.49888   0.01082   0.00061   85.30    1.61 -0.01068  0.00061  0.00177  0.00060  1029.42  1084.28  1029.91   984.81  1076.65  1029.28   977.30  1028.80
ST_L_109_381    2460432.50009   0.01040   0.00060   85.67    1.66 -0.01029  0.00060  0.00157  0.00060  1029.31  1084.38  1029.87   984.94  1076.54  1029.46   977.20  1028.95
ST_L_109_381    2460432.50130   0.01084   0.00062   87.54    1.64 -0.01080  0.00062  0.00093  0.00061  1029.19  1084.41  1029.74   984.99  1076.31  1029.51   976.95  1029.06
ST_L_109_381    2460432.50251   0.01069   0.00060   86.58    1.60 -0.01061  0.00060  0.00127  0.00059  1029.42  1084.61  1030.06   985.23  1076.61  1029.72   977.28  1029.27
ST_L_109_381    2460432.50372   0.01060   0.00061   83.76    1.66 -0.01035  0.00061  0.00229  0.00061  1029.07  1084.60  1029.61   985.15  1076.25  1029.70   976.87  1029.22
ST_L_109_381    2460438.53972   0.00872   0.00150   86.76    5.02 -0.00866  0.00150  0.00099  0.00147  1033.27  1082.45  1033.84   983.00  1079.81  1027.22   980.43  1026.76
ST_L_109_381    2460438.53997   0.01090   0.00149   85.72    3.97 -0.01078  0.00149  0.00162  0.00147  1033.67  1082.06  1034.23   982.55  1079.83  1026.97   980.41  1026.44
ST_L_109_381    2460438.54021   0.01120   0.00149   79.79    3.85 -0.01050  0.00149  0.00391  0.00147  1033.66  1081.84  1034.24   982.24  1079.74  1026.83   980.45  1026.38
ST_L_109_381    2460438.54045   0.01222   0.00150   83.11    3.54 -0.01187  0.00150  0.00291  0.00147  1034.32  1081.79  1034.89   982.33  1080.53  1026.62   981.16  1026.16
ST_L_109_381    2460438.54069   0.01131   0.00149   80.11    3.83 -0.01064  0.00150  0.00383  0.00147  1033.91  1082.24  1034.44   982.71  1080.30  1027.20   980.93  1026.70
ST_L_109_381    2460438.54094   0.01117   0.00150   83.38    3.88 -0.01088  0.00150  0.00256  0.00147  1033.24  1081.88  1033.83   982.37  1079.68  1026.97   980.34  1026.51
ST_L_109_381    2460438.54144   0.00986   0.00150   81.07    4.42 -0.00939  0.00150  0.00302  0.00147  1033.99  1082.08  1034.48   982.53  1080.37  1026.96   980.95  1026.54
ST_L_109_381    2460459.45353   0.01181   0.00177   78.78    4.37 -0.01091  0.00177  0.00451  0.00175  1028.45  1083.01  1028.73   983.46  1075.40  1028.49   976.02  1028.16
ST_L_109_381    2460459.45382   0.00918   0.00166  -88.28    5.30 -0.00916  0.00166 -0.00055  0.00164  1028.08  1082.78  1028.43   983.25  1074.82  1028.05   975.43  1027.80
ST_L_109_381    2460459.45411   0.01059   0.00161   87.99    4.43 -0.01057  0.00161  0.00074  0.00159  1028.59  1083.00  1028.96   983.51  1075.60  1028.49   976.24  1028.27
ST_L_109_381    2460459.45440   0.00974   0.00142   81.42    4.24 -0.00930  0.00142  0.00287  0.00140  1028.72  1083.34  1029.04   983.86  1075.71  1028.72   976.35  1028.47
ST_L_109_381    2460459.45468   0.01147   0.00147   83.23    3.72 -0.01115  0.00148  0.00269  0.00146  1028.41  1083.51  1028.74   984.03  1075.53  1028.79   976.15  1028.50
ST_L_109_381    2460459.45498   0.01193   0.00143   85.83    3.46 -0.01181  0.00143  0.00173  0.00141  1028.01  1083.34  1028.38   983.86  1074.78  1028.85   975.44  1028.53
ST_L_109_381    2460459.45527   0.01098   0.00147   89.54    3.87 -0.01098  0.00147  0.00018  0.00144  1028.15  1083.18  1028.42   983.63  1074.93  1028.44   975.68  1028.24
ST_L_109_381    2460459.45556   0.01063   0.00140  -89.71    3.83 -0.01063  0.00140 -0.00011  0.00138  1028.62  1082.88  1029.02   983.43  1075.59  1028.32   976.25  1028.02
ST_L_109_381    2460459.45584   0.01036   0.00131   85.21    3.66 -0.01022  0.00131  0.00173  0.00129  1028.22  1083.31  1028.54   983.77  1075.48  1028.71   976.10  1028.46
ST_L_109_381    2460460.45584   0.01191   0.00113   88.31    2.73 -0.01189  0.00113  0.00070  0.00111  1029.02  1082.68  1029.36   983.10  1077.73  1027.44   978.40  1027.23
ST_L_109_381    2460460.45619   0.01136   0.00113   88.24    2.86 -0.01134  0.00113  0.00070  0.00111  1029.42  1082.77  1029.77   983.27  1077.33  1027.52   977.88  1027.33
ST_L_109_381    2460460.45654   0.00973   0.00113   81.92    3.34 -0.00935  0.00113  0.00271  0.00111  1029.48  1082.22  1029.78   982.72  1078.23  1027.20   978.86  1026.92
ST_L_109_381    2460460.45689   0.01166   0.00113   85.47    2.78 -0.01152  0.00113  0.00184  0.00111  1029.37  1081.67  1029.81   982.22  1077.82  1026.98   978.38  1026.67
ST_L_109_381    2460460.45730   0.01287   0.00113   83.56    2.52 -0.01255  0.00113  0.00287  0.00111  1028.90  1082.47  1029.31   983.06  1077.27  1027.38   977.92  1027.17
ST_L_109_381    2460460.45765   0.01026   0.00113   81.52    3.17 -0.00982  0.00113  0.00299  0.00111  1029.21  1082.25  1029.49   982.73  1077.53  1027.32   978.16  1027.08
ST_L_109_381    2460460.45800   0.01073   0.00112   80.14    3.02 -0.01011  0.00113  0.00362  0.00111  1028.78  1082.43  1029.15   982.99  1077.17  1027.18   977.78  1026.93
ST_L_109_381    2460460.45834   0.01214   0.00113   83.22    2.67 -0.01181  0.00113  0.00285  0.00111  1029.03  1082.69  1029.46   983.20  1077.19  1028.29   977.93  1028.03
ST_L_110_233    2460433.60049   0.02977   0.00078   10.21    0.75  0.02790  0.00078  0.01039  0.00078  1024.00  1077.95  1024.56   978.57  1072.51  1022.69   973.12  1022.25
ST_L_110_233    2460433.60150   0.02685   0.00079   11.40    0.84  0.02475  0.00079  0.01041  0.00079  1023.55  1078.16  1024.12   978.73  1072.33  1022.70   972.91  1022.24
ST_L_110_233    2460433.60252   0.02656   0.00080   11.98    0.86  0.02427  0.00080  0.01079  0.00080  1023.72  1078.39  1024.26   978.88  1072.42  1022.87   972.94  1022.34
ST_L_110_233    2460433.60354   0.02893   0.00081    9.97    0.80  0.02720  0.00081  0.00986  0.00080  1023.85  1078.64  1024.33   979.19  1072.33  1023.27   972.86  1022.75
ST_L_111_1965   2460477.57642   0.00665   0.00078   83.37    3.37 -0.00647  0.00078  0.00153  0.00076  1036.28  1074.69  1036.64   975.33  1082.98  1020.36   983.85  1020.05
ST_L_111_1965   2460477.57693   0.00676   0.00078   83.28    3.33 -0.00657  0.00078  0.00157  0.00076  1036.25  1074.99  1036.61   975.57  1083.28  1020.17   984.12  1019.88
ST_L_111_1965   2460477.57745   0.00540   0.00078   88.56    4.20 -0.00540  0.00078  0.00027  0.00076  1035.73  1074.50  1036.14   975.14  1082.99  1019.99   983.84  1019.70
ST_L_111_1965   2460477.57797   0.00704   0.00078   85.19    3.19 -0.00695  0.00078  0.00118  0.00076  1036.03  1074.98  1036.44   975.60  1083.11  1020.35   983.98  1020.04
ST_L_111_1965   2460477.57850   0.00732   0.00078   86.84    3.07 -0.00728  0.00078  0.00081  0.00076  1036.58  1075.85  1036.99   976.39  1083.44  1021.18   984.31  1020.92
ST_L_111_1965   2460477.57900   0.00654   0.00078   88.47    3.46 -0.00653  0.00078  0.00035  0.00076  1035.66  1074.77  1036.10   975.43  1082.44  1020.09   983.24  1019.80
ST_Z_BD+18.2549 2460426.38097   0.00618   0.00150   -7.67    7.25  0.00596  0.00150 -0.00163  0.00147  1030.64  1081.46  1031.17   982.06  1076.14  1026.77   976.70  1026.25
ST_Z_BD+18.2549 2460426.38113   0.00700   0.00152   -6.94    6.41  0.00680  0.00152 -0.00168  0.00149  1029.44  1081.02  1030.08   981.50  1074.81  1026.98   975.40  1026.57
ST_Z_BD+18.2549 2460426.38140   0.00477   0.00150    3.40    9.64  0.00473  0.00150  0.00056  0.00147  1029.43  1080.19  1030.10   980.71  1074.95  1025.73   975.49  1025.24
ST_Z_BD+18.2549 2460426.38156   0.00446   0.00148  -10.82   10.28  0.00414  0.00148 -0.00164  0.00146  1031.26  1080.60  1031.89   981.14  1076.32  1025.96   976.89  1025.47
ST_Z_BD+18.2549 2460426.38172   0.00482   0.00146  -23.35    9.26  0.00331  0.00147 -0.00351  0.00145  1029.39  1079.49  1029.98   980.03  1074.69  1025.16   975.27  1024.62
ST_Z_BD+18.2549 2460426.38189   0.00450   0.00152   13.89   10.55  0.00398  0.00153  0.00210  0.00150  1029.02  1079.27  1029.65   979.86  1075.88  1024.76   976.43  1024.14
ST_Z_BD+18.2549 2460426.38234   0.00393   0.00152  -17.26   12.41  0.00324  0.00153 -0.00223  0.00150  1029.91  1081.07  1030.63   981.59  1075.23  1026.65   975.80  1026.08
ST_Z_BD+18.2549 2460426.38250   0.00328   0.00152   -5.82   15.52  0.00322  0.00152 -0.00066  0.00148  1031.71  1079.54  1032.30   980.10  1076.62  1025.35   977.23  1024.80
ST_Z_BD+18.2549 2460426.38282   0.00468   0.00154   -0.83   10.22  0.00468  0.00154 -0.00014  0.00150  1030.36  1081.33  1030.82   982.09  1075.87  1026.68   976.41  1026.01
ST_Z_BD+18.2549 2460426.38299   0.00486   0.00153  -19.10    9.67  0.00382  0.00154 -0.00301  0.00151  1030.70  1080.20  1031.26   980.82  1075.17  1025.19   975.92  1024.68
ST_Z_BD+18.2549 2460426.38315   0.00534   0.00152  -19.29    8.66  0.00417  0.00154 -0.00333  0.00150  1030.57  1080.41  1031.20   980.96  1075.94  1025.59   976.56  1025.00
ST_Z_BD+30.2431 2460433.42508   0.00445   0.00093   -4.84    6.20  0.00439  0.00094 -0.00075  0.00091  1029.73  1075.56  1030.31   976.01  1077.41  1020.42   978.02  1019.87
ST_Z_BD+30.2431 2460433.42529   0.00400   0.00093   -9.97    6.89  0.00376  0.00093 -0.00136  0.00090  1029.92  1078.11  1030.52   978.63  1077.37  1023.48   977.92  1022.92
ST_Z_BD+30.2431 2460433.42551   0.00528   0.00093   -3.84    5.16  0.00523  0.00093 -0.00071  0.00090  1030.22  1077.83  1030.78   978.28  1077.43  1022.89   977.95  1022.38
ST_Z_BD+30.2431 2460433.42596   0.00487   0.00093   -7.83    5.64  0.00469  0.00094 -0.00131  0.00091  1030.21  1075.89  1030.83   976.32  1077.85  1020.94   978.36  1020.43
ST_Z_BD+35.2256 2460432.34819   0.00322   0.00126  -21.56   12.61  0.00235  0.00128 -0.00220  0.00125  1030.47  1080.89  1031.10   981.47  1077.38  1026.36   977.94  1025.79
ST_Z_BD+35.2256 2460432.34841   0.00609   0.00125  -25.67    6.03  0.00380  0.00126 -0.00476  0.00123  1031.28  1080.78  1031.84   981.34  1078.22  1025.95   978.80  1025.48
ST_Z_BD+35.2256 2460432.34865   0.00354   0.00129  -43.69   11.52  0.00016  0.00132 -0.00354  0.00129  1031.06  1080.82  1031.62   981.29  1077.54  1025.85   978.17  1025.31
ST_Z_BD+35.2256 2460432.34887   0.00709   0.00127  -17.65    5.25  0.00579  0.00128 -0.00410  0.00125  1031.59  1081.71  1032.25   982.30  1077.48  1026.87   978.13  1026.34
ST_Z_BD+35.2256 2460432.34909   0.00910   0.00132  -15.25    4.22  0.00784  0.00133 -0.00462  0.00130  1031.57  1081.41  1032.12   981.95  1077.98  1026.55   978.59  1025.98
ST_Z_BD+35.2256 2460432.34931   0.00358   0.00133  -25.90   11.74  0.00221  0.00135 -0.00281  0.00131  1032.39  1080.70  1032.98   981.30  1079.12  1025.87   979.69  1025.41
ST_Z_BD+35.2256 2460432.34953   0.00597   0.00134   -4.31    6.69  0.00590  0.00135 -0.00089  0.00131  1030.32  1079.92  1030.91   980.53  1077.27  1025.48   977.85  1025.00
ST_Z_BD+35.2256 2460432.34975   0.00721   0.00130  -13.34    5.27  0.00644  0.00130 -0.00324  0.00127  1031.04  1080.02  1031.64   980.53  1077.80  1025.59   978.43  1025.10
ST_Z_BD+35.2256 2460432.34997   0.00424   0.00133   -7.77    9.65  0.00409  0.00133 -0.00114  0.00130  1031.58  1080.66  1032.18   981.21  1078.23  1025.99   978.81  1025.53
ST_Z_BD+35.2256 2460432.35019   0.00565   0.00136  -12.00    7.19  0.00516  0.00137 -0.00230  0.00134  1030.98  1080.93  1031.60   981.46  1077.40  1026.33   977.97  1025.79
ST_Z_BD+35.2256 2460438.35240   0.00693   0.00100   -6.12    4.20  0.00677  0.00100 -0.00147  0.00098  1029.48  1082.31  1030.17   982.81  1075.80  1027.67   976.38  1027.13
ST_Z_BD+35.2256 2460438.35262   0.00436   0.00099  -12.15    6.76  0.00398  0.00100 -0.00180  0.00098  1029.85  1082.32  1030.53   982.84  1076.32  1027.78   976.88  1027.25
ST_Z_BD+35.2256 2460438.35286   0.00568   0.00100   -3.78    5.17  0.00563  0.00100 -0.00075  0.00098  1029.66  1081.89  1030.32   982.49  1075.83  1027.23   976.40  1026.70
ST_Z_BD+35.2256 2460438.35308   0.00485   0.00099  -19.90    6.02  0.00373  0.00100 -0.00311  0.00098  1029.86  1081.48  1030.42   982.05  1076.31  1026.89   976.87  1026.37
ST_Z_BD+35.2256 2460438.35330   0.00417   0.00102   -4.34    7.29  0.00412  0.00102 -0.00063  0.00100  1029.78  1081.77  1030.39   982.28  1076.00  1027.21   976.59  1026.69
ST_Z_BD+35.2256 2460438.35352   0.00439   0.00101    0.73    6.87  0.00439  0.00101  0.00011  0.00099  1029.74  1081.81  1030.39   982.35  1075.95  1027.25   976.44  1026.70
ST_Z_BD+35.2256 2460438.35374   0.00539   0.00102   -0.33    5.57  0.00539  0.00102 -0.00006  0.00100  1030.15  1081.95  1030.78   982.54  1076.52  1027.41   977.11  1026.87
ST_Z_BD+35.2256 2460438.35396   0.00270   0.00103    0.12   12.18  0.00270  0.00103  0.00001  0.00101  1030.11  1082.22  1030.71   982.73  1076.52  1027.55   977.04  1027.03
ST_Z_BD+35.2256 2460438.35418   0.00568   0.00111   -9.80    5.74  0.00535  0.00111 -0.00191  0.00109  1029.20  1081.81  1029.82   982.38  1075.41  1027.21   975.91  1026.64
ST_Z_HD87582    2460426.27508   0.00311   0.00052   -4.06    4.84  0.00308  0.00052 -0.00044  0.00050  1037.13  1086.28  1037.73   987.10  1084.38  1031.39   985.15  1030.86
ST_Z_HD87582    2460426.27521   0.00308   0.00051  -23.38    4.80  0.00211  0.00051 -0.00224  0.00050  1035.52  1084.94  1036.13   985.57  1083.37  1030.20   984.03  1029.64
ST_Z_HD87582    2460426.27535   0.00314   0.00051   -4.03    4.74  0.00311  0.00051 -0.00044  0.00050  1036.28  1085.66  1036.86   986.49  1083.44  1031.03   984.17  1030.59
ST_Z_HD87582    2460426.27547   0.00258   0.00051   -1.06    5.84  0.00258  0.00051 -0.00010  0.00050  1036.35  1084.79  1036.91   985.50  1084.74  1030.29   985.50  1029.77
ST_Z_HD87582    2460426.27561   0.00229   0.00051  -20.40    6.57  0.00173  0.00051 -0.00150  0.00050  1035.43  1084.45  1036.01   985.22  1083.42  1029.40   984.18  1028.87
ST_Z_HD87582    2460431.27084   0.00214   0.00044  -14.03    6.01  0.00189  0.00044 -0.00101  0.00043  1031.32  1078.35  1031.90   978.80  1080.87  1024.33   981.53  1023.82
ST_Z_HD87582    2460431.27098   0.00435   0.00043  -21.06    2.83  0.00322  0.00043 -0.00292  0.00042  1031.25  1077.59  1031.84   978.08  1079.14  1022.75   979.81  1022.19
ST_Z_HD87582    2460431.27126   0.00278   0.00043  -22.10    4.48  0.00199  0.00043 -0.00194  0.00042  1031.41  1079.01  1032.08   979.57  1079.36  1024.91   980.01  1024.39
ST_Z_HD87582    2460431.27140   0.00337   0.00044   -4.41    3.75  0.00333  0.00044 -0.00052  0.00042  1031.50  1079.22  1032.11   979.80  1079.90  1025.00   980.52  1024.52
ST_Z_HD87582    2460432.26108   0.00277   0.00075   -4.28    8.17  0.00274  0.00075 -0.00041  0.00073  1035.92  1086.01  1036.48   986.72  1082.98  1031.38   983.65  1030.83
ST_Z_HD87582    2460432.26147   0.00229   0.00075   -5.97   10.20  0.00224  0.00075 -0.00047  0.00074  1035.35  1085.07  1035.94   985.76  1082.46  1030.59   983.13  1030.08
ST_Z_HD87582    2460432.26160   0.00264   0.00076   -4.60    8.68  0.00261  0.00076 -0.00042  0.00074  1035.20  1085.06  1035.80   985.80  1082.02  1030.50   982.73  1030.02
ST_Z_HD87582    2460432.26172   0.00263   0.00074   -9.43    8.56  0.00249  0.00074 -0.00085  0.00073  1035.40  1085.10  1035.97   985.75  1082.40  1030.57   983.09  1030.07
ST_Z_HD87582    2460432.26185   0.00254   0.00075  -16.70    9.06  0.00212  0.00076 -0.00140  0.00074  1035.16  1085.60  1035.77   986.23  1082.21  1031.40   982.87  1030.86
ST_Z_HD87582    2460433.27034   0.00331   0.00062   -4.68    5.48  0.00327  0.00062 -0.00054  0.00060  1031.54  1082.11  1032.18   982.87  1079.13  1027.84   979.83  1027.36
ST_Z_HD87582    2460433.27046   0.00316   0.00061  -14.31    5.72  0.00277  0.00062 -0.00151  0.00060  1031.74  1082.19  1032.33   982.97  1078.94  1027.39   979.64  1026.85
ST_Z_HD87582    2460433.27059   0.00226   0.00061  -18.27    8.19  0.00182  0.00062 -0.00135  0.00060  1031.90  1081.26  1032.41   981.98  1078.74  1026.96   979.47  1026.46
ST_Z_HD87582    2460433.27072   0.00344   0.00062   -1.46    5.32  0.00343  0.00062 -0.00017  0.00061  1031.05  1080.84  1031.84   981.62  1078.14  1026.39   978.81  1025.84
ST_Z_HD87582    2460433.27084   0.00335   0.00061  -18.62    5.34  0.00267  0.00062 -0.00203  0.00060  1031.52  1081.23  1032.15   981.99  1079.15  1026.68   979.86  1026.16
ST_Z_HD87582    2460433.27097   0.00299   0.00062  -12.88    6.09  0.00269  0.00062 -0.00130  0.00060  1031.85  1081.66  1032.49   982.32  1078.25  1027.49   978.93  1026.91
ST_Z_HD87582    2460438.25840   0.00285   0.00085   -5.00    9.10  0.00281  0.00085 -0.00049  0.00083  1035.88  1082.29  1036.27   983.03  1082.14  1027.67   982.83  1027.17
ST_Z_HD87582    2460438.25852   0.00290   0.00085   -3.91    8.91  0.00287  0.00085 -0.00039  0.00083  1035.77  1081.67  1036.33   982.27  1081.58  1027.15   982.29  1026.66
ST_Z_HD87582    2460438.25865   0.00189   0.00084  -26.05   14.79  0.00116  0.00085 -0.00149  0.00083  1035.88  1081.82  1036.43   982.56  1082.18  1027.07   982.83  1026.52
ST_Z_HD87582    2460438.25876   0.00400   0.00084  -18.83    6.22  0.00317  0.00085 -0.00245  0.00083  1035.61  1081.57  1036.23   982.24  1081.74  1026.95   982.41  1026.37
ST_Z_HD87582    2460438.25909   0.00183   0.00085    8.89   15.72  0.00174  0.00085  0.00056  0.00084  1037.23  1081.89  1037.84   982.62  1082.85  1027.24   983.50  1026.73
ST_Z_HD87582    2460438.25920   0.00133   0.00086   -1.20   24.87  0.00133  0.00086 -0.00006  0.00084  1036.56  1082.19  1037.11   982.92  1082.27  1027.88   982.97  1027.40
ST_Z_HD87582    2460438.25944   0.00343   0.00085    7.69    7.40  0.00331  0.00085  0.00091  0.00083  1038.09  1081.87  1038.68   982.47  1084.53  1027.31   985.26  1026.82
ST_Z_HD87582    2460438.25753   0.00391   0.00065   -5.47    4.84  0.00384  0.00065 -0.00074  0.00063  1036.51  1082.26  1037.10   982.91  1082.40  1027.74   983.09  1027.22
ST_Z_HD87582    2460438.25766   0.00242   0.00065    1.33    8.10  0.00242  0.00065  0.00011  0.00063  1036.24  1081.68  1036.90   982.21  1082.44  1027.28   983.15  1026.79
ST_Z_HD87582    2460438.25778   0.00208   0.00065   13.48    9.53  0.00185  0.00065  0.00094  0.00063  1036.28  1081.26  1036.90   981.87  1082.22  1026.84   982.94  1026.33
ST_Z_HD87582    2460438.25791   0.00363   0.00065  -11.11    5.21  0.00336  0.00065 -0.00137  0.00063  1036.19  1081.66  1036.81   982.28  1082.18  1027.26   982.84  1026.72
ST_Z_HD87582    2460438.25803   0.00127   0.00064  -14.63   17.58  0.00111  0.00065 -0.00062  0.00063  1036.26  1081.85  1036.99   982.44  1082.22  1027.00   982.90  1026.41
ST_Z_HD87582    2460438.25816   0.00276   0.00063  -23.16    6.83  0.00191  0.00064 -0.00200  0.00063  1036.30  1081.84  1036.91   982.48  1082.36  1027.47   982.99  1026.90
ST_Z_HD87582    2460460.27770   0.00365   0.00062    0.92    4.99  0.00365  0.00062  0.00012  0.00060  1035.66  1084.20  1036.07   984.91  1082.82  1029.12   983.47  1028.80
ST_Z_HD87582    2460460.27782   0.00293   0.00062  -10.13    6.30  0.00275  0.00063 -0.00101  0.00061  1036.27  1083.49  1036.60   984.55  1083.86  1028.73   984.51  1028.49
ST_Z_HD87582    2460460.27795   0.00287   0.00062   -6.05    6.43  0.00280  0.00062 -0.00060  0.00061  1037.00  1083.97  1037.08   985.09  1084.08  1029.44   984.78  1029.11
ST_Z_HD87582    2460460.27808   0.00307   0.00062    1.11    5.97  0.00306  0.00062  0.00012  0.00060  1036.11  1083.18  1036.45   983.92  1083.13  1028.51   983.86  1028.25
ST_Z_HD87582    2460460.27821   0.00188   0.00062   -7.11   10.24  0.00182  0.00062 -0.00046  0.00061  1036.75  1082.65  1035.51   985.14  1083.76  1028.12   984.39  1027.80
ST_Z_HD87582    2460460.27833   0.00325   0.00062   -2.52    5.63  0.00324  0.00062 -0.00029  0.00061  1036.22  1081.91  1036.63   982.64  1083.06  1027.75   983.78  1027.49
BD+28.4211      2460835.58132   0.00377   0.00095  -36.53    7.55  0.00110  0.00096 -0.00360  0.00095  1036.86  1083.27  1037.43   983.93  1085.16  1029.26   985.75  1028.81
BD+28.4211      2460835.58161   0.00429   0.00094  -24.33    6.52  0.00283  0.00095 -0.00322  0.00094  1037.41  1083.15  1037.96   983.79  1085.38  1029.14   985.97  1028.68
BD+28.4211      2460835.58190   0.00467   0.00095  -14.69    6.00  0.00407  0.00095 -0.00229  0.00094  1037.49  1083.16  1038.05   983.81  1085.68  1028.87   986.27  1028.43
BD+28.4211      2460835.58219   0.00381   0.00095  -14.17    7.43  0.00335  0.00095 -0.00181  0.00094  1038.41  1083.11  1038.96   983.76  1086.81  1029.12   987.40  1028.67
BD+28.4211      2460835.58249   0.00218   0.00095  -11.72   14.45  0.00200  0.00095 -0.00087  0.00094  1037.14  1083.44  1037.71   984.09  1085.44  1029.51   986.04  1029.05
BD+28.4211      2460835.58278   0.00377   0.00095  -15.87    7.56  0.00321  0.00096 -0.00199  0.00094  1037.05  1083.29  1037.59   983.93  1085.52  1029.15   986.11  1028.69
BD+28.4211      2460835.58307   0.00402   0.00095  -26.96    7.00  0.00237  0.00096 -0.00325  0.00094  1036.89  1083.60  1037.44   984.25  1085.42  1029.57   985.99  1029.11
BD+32.3739      2460835.56002   0.00494   0.00110  -40.70    6.61  0.00074  0.00112 -0.00489  0.00110  1029.03  1079.57  1029.57   980.20  1077.19  1025.38   977.70  1024.92
BD+32.3739      2460835.56017   0.00356   0.00110  -22.98    9.49  0.00247  0.00111 -0.00256  0.00110  1028.88  1079.50  1029.43   980.14  1077.59  1025.32   978.12  1024.86
BD+32.3739      2460835.56032   0.00341   0.00110  -13.16    9.97  0.00306  0.00111 -0.00151  0.00109  1029.71  1079.00  1030.24   979.63  1078.11  1024.82   978.65  1024.36
BD+32.3739      2460835.56047   0.00469   0.00110  -24.64    6.95  0.00306  0.00110 -0.00355  0.00109  1028.96  1078.57  1029.50   979.20  1077.27  1024.33   977.79  1023.87
BD+32.3739      2460835.56064   0.00328   0.00110  -17.33   10.38  0.00270  0.00110 -0.00187  0.00109  1028.97  1078.33  1029.52   978.95  1077.33  1024.15   977.85  1023.69
BD+32.3739      2460835.56079   0.00149   0.00111  -27.78   61.44  0.00085  0.00112 -0.00123  0.00111  1029.09  1079.01  1029.64   979.64  1077.68  1024.88   978.21  1024.43
BD+32.3739      2460835.56094   0.00348   0.00110   -6.10    9.75  0.00341  0.00110 -0.00074  0.00109  1029.71  1079.10  1030.26   979.72  1077.73  1024.74   978.25  1024.28
BD+33.2642      2460830.54149   0.00185   0.00178  -10.82   61.44  0.00172  0.00178 -0.00068  0.00174  1037.09  1080.72  1037.58   981.25  1083.75  1026.80   984.24  1026.39
BD+33.2642      2460830.54169   0.00423   0.00187  -84.59   14.64 -0.00416  0.00187 -0.00079  0.00185  1036.86  1081.09  1037.37   981.63  1083.23  1027.20   983.67  1026.80
BD+33.2642      2460830.54189   0.00256   0.00182   88.63   61.44 -0.00255  0.00182  0.00012  0.00180  1036.44  1081.09  1036.92   981.65  1082.44  1027.05   982.89  1026.64
BD+33.2642      2460830.54208   0.00067   0.00178   89.47   61.44 -0.00067  0.00178  0.00001  0.00175  1036.91  1080.21  1037.41   980.76  1083.57  1026.31   984.03  1025.89
BD+33.2642      2460830.54228   0.00319   0.00182   83.35   20.81 -0.00310  0.00182  0.00073  0.00180  1036.41  1080.69  1036.92   981.27  1083.30  1027.01   983.76  1026.59
BD+33.2642      2460830.54248   0.00308   0.00179  -86.17   21.35 -0.00306  0.00179 -0.00041  0.00175  1035.90  1079.74  1036.39   980.29  1082.61  1025.63   983.07  1025.22
BD+33.2642      2460830.54267   0.00593   0.00178  -12.63    9.15  0.00536  0.00178 -0.00253  0.00174  1037.43  1081.27  1037.92   981.83  1084.02  1027.26   984.51  1026.86
BD+33.2642      2460830.54294   0.00196   0.00176  -22.07   61.44  0.00140  0.00178 -0.00136  0.00174  1038.56  1080.27  1039.04   980.82  1084.42  1026.36   984.89  1025.93
BD+33.2642      2460830.54314   0.00809   0.00178  -37.69    6.53  0.00204  0.00182 -0.00783  0.00178  1037.21  1081.32  1037.71   981.88  1083.67  1027.16   984.15  1026.73
BD+33.2642      2460830.54333   0.00030   0.00188    9.59   61.44  0.00028  0.00189  0.00010  0.00184  1037.38  1080.98  1037.89   981.54  1084.23  1027.11   984.71  1026.72
BD+33.2642      2460835.30671   0.00089   0.00176  -62.14   61.44 -0.00050  0.00179 -0.00074  0.00175  1038.36  1079.57  1038.86   980.18  1086.61  1025.19   987.23  1024.79
BD+33.2642      2460835.30691   0.00583   0.00171  -33.87    8.93  0.00221  0.00174 -0.00540  0.00171  1038.42  1080.23  1038.93   980.84  1086.72  1025.74   987.33  1025.33
BD+33.2642      2460835.30711   0.00215   0.00171  -52.68   61.44 -0.00057  0.00174 -0.00208  0.00171  1037.99  1080.26  1038.48   980.88  1086.28  1025.91   986.91  1025.50
BD+33.2642      2460835.30730   0.00521   0.00176  -33.68   10.52  0.00201  0.00180 -0.00481  0.00176  1038.47  1079.72  1038.97   980.33  1086.64  1025.38   987.26  1024.95
BD+33.2642      2460835.30750   0.00191   0.00178  -14.20   61.44  0.00168  0.00179 -0.00091  0.00174  1038.88  1079.08  1039.37   979.69  1086.97  1024.74   987.59  1024.33
BD+33.2642      2460835.30770   0.00083   0.00171  -50.92   61.44 -0.00017  0.00173 -0.00081  0.00171  1038.34  1079.79  1038.83   980.40  1086.60  1025.55   987.23  1025.14
BD+33.2642      2460835.30791   0.00368   0.00177   -9.55   16.41  0.00348  0.00178 -0.00120  0.00175  1037.81  1079.96  1038.30   980.57  1086.11  1025.74   986.73  1025.35
BD+33.2642      2460835.30810   0.00596   0.00172  -25.82    8.77  0.00370  0.00174 -0.00467  0.00170  1038.29  1079.46  1038.78   980.08  1086.78  1025.05   987.41  1024.64
BD+33.2642      2460835.30830   0.00446   0.00176  -26.56   12.72  0.00268  0.00179 -0.00357  0.00175  1038.04  1079.24  1038.54   979.86  1086.26  1024.86   986.88  1024.46
BD+33.2642      2460835.30850   0.00502   0.00182  -63.48   11.41 -0.00302  0.00183 -0.00401  0.00181  1038.51  1079.99  1039.03   980.61  1086.76  1025.65   987.38  1025.22
BD+40.2704      2460780.43911   0.00242   0.00130   14.89   19.00  0.00210  0.00130  0.00120  0.00129  1039.44  1080.41  1040.15   980.99  1087.31  1026.43   987.87  1025.79
BD+40.2704      2460780.43931   0.00335   0.00131    0.11   12.54  0.00335  0.00131  0.00001  0.00130  1038.29  1079.55  1039.01   980.11  1086.24  1025.54   986.79  1024.92
BD+40.2704      2460780.43946   0.00252   0.00131    6.03   18.24  0.00246  0.00131  0.00053  0.00129  1039.29  1079.39  1039.99   979.95  1087.49  1025.31   988.06  1024.68
BD+40.2704      2460780.43961   0.00349   0.00130   25.66   11.81  0.00218  0.00131  0.00272  0.00129  1039.14  1078.88  1039.86   979.45  1086.99  1024.87   987.56  1024.24
BD+40.2704      2460780.43976   0.00082   0.00131   86.18   61.44 -0.00081  0.00131  0.00011  0.00128  1037.76  1079.61  1038.47   980.18  1085.67  1025.49   986.21  1024.86
BD+40.2704      2460780.43991   0.00248   0.00126  -37.95   17.64  0.00060  0.00129 -0.00240  0.00126  1037.35  1079.13  1038.06   979.67  1085.45  1025.10   985.98  1024.47
BD+40.2704      2460829.30528   0.00089   0.00107  -22.45   61.44  0.00063  0.00108 -0.00063  0.00106  1038.44  1082.92  1038.95   983.59  1083.39  1028.73   983.98  1028.31
BD+40.2704      2460829.30544   0.00412   0.00108   -8.95    7.85  0.00392  0.00108 -0.00127  0.00106  1037.45  1082.84  1037.96   983.51  1082.42  1028.62   983.01  1028.22
BD+40.2704      2460829.30560   0.00051   0.00107  -15.65   61.44  0.00043  0.00108 -0.00026  0.00106  1037.77  1082.71  1038.29   983.37  1082.81  1028.55   983.40  1028.14
BD+40.2704      2460829.30576   0.00405   0.00106  -29.20    7.88  0.00212  0.00108 -0.00345  0.00106  1038.38  1083.37  1038.90   984.05  1083.51  1029.16   984.10  1028.74
BD+40.2704      2460829.30593   0.00280   0.00108   30.07   12.34  0.00139  0.00110  0.00243  0.00108  1038.04  1083.47  1038.54   984.14  1083.33  1029.20   983.93  1028.79
BD+40.2704      2460829.30609   0.00065   0.00106   45.99   61.44 -0.00002  0.00108  0.00065  0.00106  1038.13  1082.73  1038.65   983.40  1083.01  1028.46   983.60  1028.04
BD+40.2704      2460829.30625   0.00100   0.00107   74.98   61.44 -0.00086  0.00108  0.00050  0.00106  1038.53  1082.78  1039.04   983.45  1083.63  1028.52   984.22  1028.10
BD+40.2704      2460829.30641   0.00291   0.00107  -11.38   11.70  0.00268  0.00108 -0.00112  0.00106  1038.27  1083.04  1038.78   983.72  1083.21  1028.78   983.81  1028.35
BD+40.2704      2460829.30657   0.00144   0.00106  -28.60   61.44  0.00078  0.00108 -0.00121  0.00106  1037.92  1083.22  1038.42   983.89  1082.90  1028.92   983.50  1028.51
BD+40.2704      2460829.30674   0.00270   0.00107  -20.50   12.78  0.00203  0.00108 -0.00177  0.00106  1037.69  1083.46  1038.20   984.14  1082.95  1029.30   983.55  1028.89
BD+40.2704      2460830.27075   0.00130   0.00103  -24.65   61.44  0.00085  0.00105 -0.00098  0.00102  1036.20  1079.64  1036.74   980.31  1084.71  1025.36   985.36  1024.89
BD+40.2704      2460830.27185   0.00126   0.00104    3.98   61.44  0.00124  0.00104  0.00017  0.00102  1035.70  1079.33  1036.24   979.98  1084.13  1025.04   984.78  1024.59
BD+40.2704      2460830.27295   0.00442   0.00103  -13.87    6.97  0.00391  0.00104 -0.00206  0.00102  1036.13  1079.45  1036.68   980.12  1084.59  1025.29   985.25  1024.83
BD+40.2704      2460830.27406   0.00256   0.00104  -23.28   13.18  0.00176  0.00105 -0.00186  0.00103  1035.84  1079.47  1036.38   980.15  1084.39  1025.37   985.04  1024.90
BD+40.2704      2460830.27516   0.00440   0.00105  -12.95    7.07  0.00396  0.00105 -0.00192  0.00102  1035.18  1078.76  1035.72   979.42  1083.87  1024.62   984.52  1024.15
BD+40.2704      2460830.27626   0.00343   0.00105   -5.11    9.32  0.00338  0.00105 -0.00061  0.00102  1036.41  1079.48  1036.97   980.15  1084.88  1025.34   985.54  1024.87
BD+40.2704      2460830.27736   0.00334   0.00107   -3.81    9.82  0.00331  0.00107 -0.00044  0.00104  1035.95  1078.65  1036.50   979.29  1084.72  1024.53   985.38  1024.06
BD+40.2704      2460833.32351   0.00415   0.00103  -26.92    7.46  0.00245  0.00105 -0.00335  0.00103  1041.74  1084.26  1042.21   984.99  1089.76  1030.05   990.52  1029.64
BD+40.2704      2460833.32367   0.00115   0.00104   -2.37   61.44  0.00115  0.00104 -0.00010  0.00102  1040.83  1084.99  1041.35   985.74  1088.99  1030.82   989.74  1030.41
BD+40.2704      2460833.32383   0.00195   0.00104   -8.23   18.81  0.00187  0.00104 -0.00055  0.00101  1040.84  1084.00  1041.34   984.71  1088.94  1029.84   989.68  1029.45
BD+40.2704      2460833.32400   0.00214   0.00104    5.22   16.53  0.00211  0.00104  0.00039  0.00101  1040.64  1084.16  1041.13   984.89  1088.69  1029.92   989.43  1029.52
BD+40.2704      2460833.32417   0.00095   0.00101  -40.75   61.44  0.00014  0.00104 -0.00094  0.00101  1040.56  1084.02  1041.04   984.74  1088.58  1029.92   989.32  1029.52
BD+40.2704      2460834.28834   0.00309   0.00108   16.47   10.91  0.00259  0.00108  0.00168  0.00106  1037.64  1084.44  1038.12   985.17  1085.64  1030.28   986.34  1029.89
BD+40.2704      2460834.28851   0.00355   0.00105   29.75    9.05  0.00180  0.00106  0.00306  0.00105  1037.23  1084.42  1037.72   985.16  1084.94  1030.13   985.65  1029.72
BD+40.2704      2460834.28867   0.00399   0.00106   23.00    7.95  0.00277  0.00107  0.00287  0.00105  1037.28  1084.44  1037.77   985.17  1085.16  1030.44   985.87  1030.03
BD+40.2704      2460834.28883   0.00130   0.00107  -14.57   61.44  0.00114  0.00108 -0.00063  0.00106  1036.49  1083.34  1036.97   984.05  1084.55  1029.26   985.24  1028.85
BD+40.2704      2460834.28899   0.00081   0.00106  -25.46   61.44  0.00051  0.00107 -0.00063  0.00106  1036.76  1083.83  1037.26   984.57  1084.48  1029.66   985.17  1029.25
BD+40.2704      2460835.29480   0.00289   0.00122  -25.10   13.73  0.00185  0.00122 -0.00222  0.00121  1038.64  1083.57  1039.11   984.32  1086.79  1029.39   987.50  1028.97
BD+40.2704      2460835.29495   0.00100   0.00120  -30.12   61.44  0.00050  0.00122 -0.00087  0.00119  1041.42  1081.62  1041.90   982.36  1089.78  1027.40   990.52  1026.98
BD+40.2704      2460835.29510   0.00264   0.00116  -42.63   14.48  0.00022  0.00118 -0.00263  0.00116  1041.85  1080.79  1042.31   981.51  1090.06  1026.48   990.81  1026.08
BD+40.2704      2460835.29525   0.00320   0.00120  -13.24   11.88  0.00286  0.00120 -0.00143  0.00117  1042.05  1080.18  1042.54   980.91  1090.29  1025.89   991.03  1025.48
BD+40.2704      2460835.29541   0.00286   0.00114  -46.11   12.81 -0.00011  0.00117 -0.00286  0.00114  1041.48  1080.52  1041.96   981.24  1089.95  1026.26   990.69  1025.85
BD+40.2704      2460835.29556   0.00115   0.00115   46.57   61.44 -0.00006  0.00118  0.00115  0.00115  1041.90  1080.12  1042.38   980.84  1090.38  1025.79   991.12  1025.40
BD+40.2704      2460835.29571   0.00312   0.00115  -39.84   11.70  0.00056  0.00118 -0.00307  0.00115  1041.84  1079.23  1042.33   979.94  1090.27  1024.88   991.02  1024.47
BD+40.2704      2460835.29586   0.00330   0.00116  -37.93   10.96  0.00081  0.00119 -0.00320  0.00115  1040.74  1080.23  1041.23   980.95  1088.97  1026.16   989.71  1025.75
BD+40.2704      2460835.29601   0.00423   0.00118  -14.30    8.45  0.00372  0.00119 -0.00203  0.00116  1040.74  1079.75  1041.22   980.47  1089.08  1025.60   989.81  1025.20
BD+40.2704      2460835.29616   0.00118   0.00119  -27.95   61.44  0.00066  0.00121 -0.00097  0.00118  1040.90  1079.44  1041.38   980.14  1089.11  1025.29   989.84  1024.89
CygOB2_14       2460835.56843   0.02809   0.00157  -87.92    1.60 -0.02802  0.00157 -0.00204  0.00153  1036.38  1076.70  1036.93   977.43  1084.98  1022.44   985.71  1021.98
CygOB2_14       2460835.56862   0.02966   0.00156  -88.84    1.51 -0.02964  0.00156 -0.00120  0.00152  1036.39  1076.06  1036.93   976.77  1084.95  1021.78   985.68  1021.32
CygOB2_14       2460835.56882   0.02825   0.00156  -89.11    1.58 -0.02823  0.00156 -0.00088  0.00153  1036.19  1076.00  1036.72   976.73  1085.28  1021.83   986.01  1021.39
CygOB2_14       2460835.56902   0.02968   0.00157   88.33    1.51 -0.02963  0.00157  0.00173  0.00153  1036.95  1075.22  1037.49   975.91  1085.73  1020.90   986.46  1020.44
CygOB2_14       2460835.56921   0.03062   0.00160  -89.58    1.50 -0.03061  0.00160 -0.00045  0.00156  1036.27  1075.29  1036.82   975.97  1085.13  1021.12   985.84  1020.67
CygOB2_14       2460835.56941   0.03041   0.00157  -87.65    1.48 -0.03030  0.00157 -0.00249  0.00152  1035.99  1075.65  1036.53   976.35  1084.91  1021.53   985.64  1021.08
CygOB2_14       2460835.56961   0.03002   0.00160  -87.12    1.53 -0.02987  0.00160 -0.00302  0.00156  1036.28  1075.36  1036.84   976.06  1085.13  1021.14   985.84  1020.69
CygOB2_14       2460835.56980   0.03161   0.00157   89.19    1.42 -0.03160  0.00157  0.00089  0.00153  1036.04  1075.05  1036.59   975.74  1084.76  1020.80   985.47  1020.35
CygOB2_14       2460835.57000   0.02920   0.00157  -88.11    1.55 -0.02914  0.00157 -0.00192  0.00153  1036.44  1075.56  1036.99   976.27  1085.26  1021.31   985.99  1020.85
CygOB2_14       2460835.57020   0.03379   0.00164   88.66    1.39 -0.03376  0.00164  0.00158  0.00159  1036.82  1075.94  1037.36   976.66  1085.65  1021.68   986.37  1021.22
HD154892        2460830.55507   0.00150   0.00092  -28.26   23.02  0.00083  0.00093 -0.00125  0.00091  1037.08  1079.76  1037.57   980.35  1083.89  1025.71   984.41  1025.29
HD154892        2460830.55520   0.00554   0.00093  -17.39    4.91  0.00455  0.00094 -0.00316  0.00092  1035.50  1079.65  1036.00   980.24  1082.25  1025.38   982.75  1024.97
HD154892        2460830.55532   0.00196   0.00093  -26.30   16.04  0.00119  0.00095 -0.00156  0.00092  1036.06  1080.54  1036.53   981.12  1083.48  1026.48   984.00  1026.08
HD154892        2460830.55545   0.00425   0.00093  -25.18    6.46  0.00271  0.00094 -0.00328  0.00092  1035.30  1079.52  1035.79   980.10  1082.91  1025.67   983.41  1025.26
HD154892        2460830.55559   0.00198   0.00094  -33.03   16.14  0.00080  0.00096 -0.00181  0.00094  1035.17  1079.77  1035.66   980.35  1082.27  1025.56   982.78  1025.16
HD154892        2460832.56209   0.00283   0.00113  -20.51   12.86  0.00213  0.00114 -0.00186  0.00111  1031.63  1080.61  1032.12   981.23  1078.66  1026.03   979.20  1025.63
HD154892        2460832.56222   0.00572   0.00115  -22.40    5.93  0.00406  0.00117 -0.00403  0.00113  1031.10  1079.73  1031.61   980.35  1077.88  1025.03   978.40  1024.62
HD154892        2460832.56248   0.00291   0.00114  -17.02   12.59  0.00241  0.00115 -0.00163  0.00113  1031.26  1079.22  1031.74   979.83  1077.96  1024.56   978.50  1024.15
HD154892        2460832.56262   0.00555   0.00116  -15.40    6.16  0.00477  0.00117 -0.00284  0.00114  1030.82  1079.14  1031.31   979.74  1077.56  1024.49   978.09  1024.09
HD154892        2460835.32293   0.00101   0.00122  -55.24   61.44 -0.00035  0.00122 -0.00095  0.00122  1031.71  1084.38  1032.20   985.11  1080.04  1029.87   980.66  1029.46
HD154892        2460835.32304   0.00408   0.00121  -54.53    9.06 -0.00133  0.00122 -0.00386  0.00121  1031.46  1084.25  1031.96   984.94  1080.16  1029.86   980.78  1029.46
HD154892        2460835.32317   0.00362   0.00121  -41.46   10.40  0.00045  0.00122 -0.00359  0.00121  1031.76  1084.19  1032.25   984.90  1080.07  1029.59   980.69  1029.18
HD154892        2460835.32330   0.00554   0.00121  -42.79    6.46  0.00043  0.00122 -0.00552  0.00121  1032.07  1084.17  1032.57   984.89  1080.44  1029.75   981.05  1029.34
HD154892        2460835.32341   0.00325   0.00121  -35.36   11.80  0.00107  0.00121 -0.00307  0.00121  1032.18  1084.87  1032.67   985.59  1080.81  1030.28   981.41  1029.87
HD154892        2460835.32354   0.00303   0.00121  -28.78   12.90  0.00163  0.00122 -0.00256  0.00121  1029.81  1084.83  1030.30   985.54  1078.40  1030.20   979.00  1029.79
HD155197        2460830.51855   0.04124   0.00088  -72.95    0.61 -0.03415  0.00088 -0.02312  0.00087  1036.18  1080.33  1036.68   980.94  1083.60  1025.91   984.17  1025.50
HD155197        2460830.51873   0.03816   0.00088  -73.97    0.66 -0.03234  0.00088 -0.02026  0.00087  1037.80  1080.57  1038.29   981.18  1085.15  1026.55   985.74  1026.14
HD155197        2460830.51890   0.03970   0.00088  -74.31    0.64 -0.03390  0.00089 -0.02067  0.00087  1036.40  1080.70  1036.89   981.32  1084.85  1026.24   985.44  1025.82
HD155197        2460830.51907   0.03977   0.00088  -73.63    0.63 -0.03345  0.00088 -0.02150  0.00087  1036.20  1080.17  1036.69   980.77  1083.55  1025.66   984.11  1025.26
HD155197        2460830.51925   0.03927   0.00088  -74.37    0.64 -0.03357  0.00088 -0.02037  0.00087  1036.47  1080.07  1036.96   980.67  1083.85  1025.73   984.42  1025.32
HD155197        2460830.51942   0.04051   0.00088  -73.94    0.63 -0.03430  0.00089 -0.02154  0.00087  1036.11  1079.00  1036.60   979.61  1084.25  1024.71   984.84  1024.28
HD183143        2460830.56177   0.06333   0.00080   -1.98    0.36  0.06318  0.00080 -0.00438  0.00079  1037.96  1082.00  1038.46   982.70  1084.94  1028.09   985.59  1027.68
HD183143        2460830.56190   0.06510   0.00079   -3.29    0.35  0.06467  0.00079 -0.00745  0.00078  1037.32  1082.76  1037.81   983.48  1084.61  1028.30   985.26  1027.89
HD183143        2460830.56201   0.06241   0.00079   -1.82    0.36  0.06228  0.00079 -0.00396  0.00077  1037.81  1082.12  1038.31   982.83  1084.36  1028.11   985.00  1027.71
HD183143        2460830.56213   0.06359   0.00079   -1.64    0.36  0.06348  0.00079 -0.00364  0.00077  1037.95  1082.34  1038.44   983.06  1084.98  1028.18   985.62  1027.77
HD183143        2460830.56226   0.06470   0.00079   -2.65    0.35  0.06442  0.00079 -0.00598  0.00078  1038.56  1082.24  1039.05   982.95  1084.81  1028.23   985.46  1027.82
HD183143        2460835.55399   0.06173   0.00061   -2.85    0.28  0.06143  0.00061 -0.00612  0.00060  1044.62  1076.93  1045.16   977.66  1093.13  1022.88   993.94  1022.43
HD183143        2460835.55412   0.06184   0.00061   -3.13    0.28  0.06147  0.00061 -0.00674  0.00060  1043.35  1076.19  1043.90   976.90  1092.07  1021.97   992.87  1021.52
HD183143        2460835.55424   0.06152   0.00061   -2.73    0.28  0.06124  0.00061 -0.00586  0.00060  1044.97  1076.70  1045.51   977.42  1093.69  1022.53   994.51  1022.07
HD183143        2460835.55436   0.06179   0.00061   -3.15    0.28  0.06141  0.00061 -0.00678  0.00060  1044.54  1076.52  1045.08   977.24  1092.76  1022.24   993.57  1021.80
HD183143        2460835.55449   0.06286   0.00061   -2.84    0.28  0.06255  0.00061 -0.00623  0.00060  1044.05  1076.34  1044.59   977.06  1093.01  1022.39   993.82  1021.94
HD204827        2460835.57618   0.05154   0.00048   61.37    0.27 -0.02787  0.00049  0.04335  0.00048  1040.14  1084.09  1040.68   984.85  1088.83  1030.06   989.56  1029.61
HD204827        2460835.57633   0.05020   0.00048   61.30    0.28 -0.02704  0.00049  0.04230  0.00048  1039.22  1083.80  1039.76   984.55  1088.20  1029.68   988.91  1029.23
HD204827        2460835.57648   0.05212   0.00048   60.94    0.27 -0.02752  0.00049  0.04426  0.00048  1039.32  1083.47  1039.86   984.24  1088.17  1029.53   988.89  1029.09
HD204827        2460835.57663   0.05232   0.00048   61.00    0.26 -0.02772  0.00049  0.04438  0.00048  1039.09  1082.86  1039.63   983.62  1087.86  1028.79   988.59  1028.34
HD204827        2460835.57678   0.05229   0.00048   61.63    0.26 -0.02869  0.00049  0.04372  0.00048  1039.10  1083.04  1039.63   983.79  1087.69  1029.07   988.41  1028.61
HD204827        2460835.57693   0.05215   0.00049   61.34    0.27 -0.02816  0.00049  0.04390  0.00048  1037.89  1081.97  1038.43   982.72  1086.96  1028.05   987.67  1027.60
HD204827        2460835.57709   0.05210   0.00049   61.06    0.27 -0.02771  0.00049  0.04412  0.00048  1038.50  1081.69  1039.04   982.43  1087.06  1027.46   987.77  1027.01
Hiltner960      2460835.54802   0.05036   0.00097   55.46    0.55 -0.01799  0.00099  0.04704  0.00097  1038.55  1078.77  1039.10   979.51  1086.79  1024.46   987.52  1024.01
Hiltner960      2460835.54822   0.04891   0.00098   54.18    0.57 -0.01540  0.00099  0.04643  0.00097  1038.14  1078.18  1038.70   978.90  1086.53  1023.87   987.24  1023.42
Hiltner960      2460835.54841   0.05169   0.00097   54.69    0.54 -0.01715  0.00099  0.04876  0.00097  1037.66  1077.63  1038.20   978.36  1086.16  1023.34   986.87  1022.88
Hiltner960      2460835.54861   0.05113   0.00097   55.38    0.54 -0.01812  0.00099  0.04781  0.00097  1037.69  1077.21  1038.23   977.92  1085.71  1022.93   986.42  1022.48
Hiltner960      2460835.54881   0.05209   0.00097   55.63    0.53 -0.01889  0.00099  0.04855  0.00096  1037.11  1076.28  1037.65   976.99  1085.51  1022.14   986.23  1021.67
Hiltner960      2460835.54900   0.05103   0.00097   56.19    0.55 -0.01942  0.00099  0.04718  0.00097  1036.42  1076.24  1036.96   976.95  1084.87  1021.93   985.58  1021.48
Hiltner960      2460835.54920   0.05094   0.00097   54.20    0.55 -0.01608  0.00099  0.04833  0.00097  1038.69  1079.21  1039.03   979.40  1084.52  1020.82   987.90  1023.61
ST_L_107_602    2460782.53141   0.00897   0.00060   76.65    1.91 -0.00801  0.00060  0.00403  0.00059  1043.00  1082.61  1043.60   983.26  1093.34  1028.29   994.01  1027.80
ST_L_107_602    2460782.53184   0.00941   0.00060   77.24    1.85 -0.00849  0.00061  0.00405  0.00060  1043.36  1081.36  1043.97   982.00  1093.44  1027.19   994.11  1026.70
ST_L_107_602    2460782.53227   0.00936   0.00059   75.32    1.82 -0.00816  0.00059  0.00459  0.00059  1043.03  1080.04  1043.65   980.67  1093.44  1025.90   994.12  1025.41
ST_L_107_602    2460782.53270   0.00830   0.00060   82.88    2.09 -0.00804  0.00060  0.00204  0.00060  1042.98  1078.87  1043.61   979.48  1093.29  1024.69   993.96  1024.21
ST_L_107_602    2460782.53313   0.00828   0.00060   80.23    2.07 -0.00781  0.00060  0.00277  0.00059  1042.37  1082.66  1043.71   983.20  1092.83  1028.09   992.57  1027.75
ST_L_107_602    2460783.54689   0.00680   0.00059   75.02    2.51 -0.00589  0.00060  0.00340  0.00058  1041.24  1068.33  1041.83   968.84  1090.72  1014.01   991.40  1013.54
ST_L_107_602    2460783.54731   0.00571   0.00059   69.33    3.00 -0.00429  0.00060  0.00377  0.00059  1040.74  1066.78  1041.33   967.26  1090.13  1012.41   990.80  1011.94
ST_L_107_602    2460783.54774   0.00714   0.00060   67.36    2.41 -0.00502  0.00060  0.00507  0.00059  1039.88  1065.13  1040.47   965.59  1089.37  1010.69   990.03  1010.21
ST_L_107_602    2460783.54817   0.00712   0.00060   71.51    2.42 -0.00569  0.00060  0.00429  0.00059  1040.70  1068.85  1042.03   969.04  1089.82  1013.59   990.90  1012.90
ST_L_107_602    2460783.54860   0.00810   0.00061   74.52    2.15 -0.00695  0.00061  0.00417  0.00060  1040.70  1068.85  1042.03   969.04  1089.82  1013.59   990.90  1012.90
ST_L_107_602    2460833.32932   0.00912   0.00120   62.84    3.81 -0.00532  0.00122  0.00741  0.00119  1040.23  1078.26  1040.73   978.93  1088.36  1023.83   989.13  1023.43
ST_L_107_602    2460833.32978   0.00797   0.00120   61.65    4.40 -0.00437  0.00122  0.00666  0.00120  1040.75  1077.94  1041.25   978.61  1088.95  1023.51   989.77  1023.12
ST_L_107_602    2460833.33031   0.00645   0.00121   63.64    5.53 -0.00391  0.00123  0.00513  0.00121  1040.42  1078.06  1040.96   978.75  1088.48  1023.65   989.32  1023.28
ST_L_107_602    2460833.33078   0.00526   0.00119   53.88    6.74 -0.00161  0.00121  0.00501  0.00119  1040.61  1077.84  1041.12   978.52  1088.71  1023.29   989.52  1022.89
ST_L_107_602    2460833.33124   0.00848   0.00121   72.97    4.14 -0.00702  0.00122  0.00475  0.00119  1039.96  1078.29  1040.48   978.97  1088.03  1024.03   988.83  1023.63
ST_L_107_602    2460833.33185   0.00887   0.00120   69.31    3.91 -0.00665  0.00121  0.00586  0.00118  1040.43  1078.19  1040.95   978.84  1088.42  1023.80   989.21  1023.39
ST_L_107_602    2460833.33231   0.00601   0.00118   58.11    5.79 -0.00265  0.00120  0.00539  0.00118  1039.97  1078.05  1040.47   978.71  1088.28  1023.63   989.05  1023.23
ST_L_107_602    2460833.33278   0.00779   0.00119   61.03    4.43 -0.00414  0.00120  0.00660  0.00118  1040.50  1078.14  1041.00   978.80  1088.57  1023.67   989.36  1023.27
ST_L_107_602    2460833.33324   0.00701   0.00122   54.97    5.08 -0.00239  0.00124  0.00659  0.00122  1040.20  1078.55  1040.69   979.19  1088.40  1024.01   989.17  1023.60
ST_L_107_602    2460833.33370   0.00566   0.00123   67.46    6.41 -0.00400  0.00124  0.00401  0.00121  1040.07  1078.66  1040.56   979.32  1088.29  1024.22   989.07  1023.81
ST_L_107_602    2460834.28255   0.00663   0.00166   78.16    7.48 -0.00607  0.00166  0.00266  0.00164  1035.13  1081.50  1035.68   982.30  1084.06  1027.31   984.87  1026.94
ST_L_107_602    2460834.28301   0.00633   0.00163   61.40    7.74 -0.00343  0.00165  0.00532  0.00163  1034.26  1080.54  1034.79   981.33  1083.04  1026.31   983.84  1025.94
ST_L_107_602    2460834.28347   0.00930   0.00162   76.79    5.11 -0.00833  0.00163  0.00414  0.00160  1033.16  1079.31  1033.68   980.08  1081.71  1025.04   982.50  1024.67
ST_L_107_602    2460834.28394   0.00740   0.00164   77.31    6.57 -0.00669  0.00165  0.00317  0.00161  1032.59  1077.33  1033.12   978.04  1081.54  1023.05   982.31  1022.67
ST_L_107_602    2460834.28440   0.00469   0.00162   76.69   10.80 -0.00419  0.00163  0.00210  0.00159  1032.35  1076.56  1032.88   977.29  1081.25  1022.20   982.05  1021.84
ST_Z_BD+35.2256 2460780.46840   0.00279   0.00119    9.36   14.02  0.00264  0.00119  0.00089  0.00117  1037.36  1080.59  1038.07   981.11  1085.08  1026.42   985.52  1025.80
ST_Z_BD+35.2256 2460780.46862   0.00278   0.00117  -11.94   13.70  0.00255  0.00117 -0.00113  0.00114  1037.47  1080.17  1038.17   980.68  1085.23  1025.91   985.68  1025.29
ST_Z_BD+35.2256 2460780.46884   0.00423   0.00117  -11.66    8.39  0.00389  0.00118 -0.00168  0.00114  1037.12  1079.70  1037.82   980.21  1084.86  1025.52   985.32  1024.89
ST_Z_BD+35.2256 2460780.46906   0.00191   0.00116   -8.59   22.77  0.00183  0.00116 -0.00056  0.00113  1036.41  1079.49  1037.11   979.99  1084.19  1025.37   984.62  1024.75
ST_Z_BD+35.2256 2460780.46928   0.00113   0.00118    4.42   61.44  0.00112  0.00118  0.00017  0.00115  1035.91  1080.43  1036.63   980.94  1083.65  1026.21   984.08  1025.59
ST_Z_BD+35.2256 2460780.46951   0.00310   0.00123    5.03   12.80  0.00305  0.00123  0.00054  0.00120  1036.87  1080.01  1037.58   980.51  1084.73  1025.84   985.18  1025.22
ST_Z_BD+35.2256 2460780.46973   0.00334   0.00118  -18.47   11.08  0.00267  0.00119 -0.00200  0.00116  1036.25  1079.95  1036.96   980.46  1084.19  1025.78   984.63  1025.16
ST_Z_BD+35.2256 2460780.46995   0.00432   0.00118   -3.70    8.22  0.00429  0.00118 -0.00056  0.00115  1036.68  1080.33  1037.38   980.84  1084.53  1026.10   984.98  1025.50
ST_Z_HD121859   2460782.53541   0.00183   0.00091  -36.93   17.13  0.00051  0.00091 -0.00176  0.00091  1046.90  1075.51  1047.50   976.10  1096.64  1021.26   997.30  1020.75
ST_Z_HD121859   2460782.53556   0.00141   0.00094  -21.29   26.33  0.00104  0.00093 -0.00095  0.00094  1047.54  1075.16  1048.13   975.75  1097.16  1020.91   997.81  1020.40
ST_Z_HD121859   2460782.53572   0.00319   0.00093  -58.04    8.94 -0.00140  0.00093 -0.00286  0.00094  1046.87  1074.84  1047.47   975.43  1096.92  1020.33   997.59  1019.83
ST_Z_HD121859   2460782.53587   0.00431   0.00092  -28.46    6.34  0.00235  0.00092 -0.00361  0.00093  1047.36  1074.56  1047.95   975.13  1097.09  1020.29   997.77  1019.79
ST_Z_HD121859   2460782.53602   0.00424   0.00092  -25.58    6.43  0.00266  0.00092 -0.00330  0.00092  1047.09  1074.33  1047.69   974.90  1096.92  1020.04   997.59  1019.53
ST_Z_HD121859   2460783.55134   0.00385   0.00093  -28.80    7.23  0.00206  0.00095 -0.00325  0.00093  1047.45  1084.94  1048.02   985.65  1096.24  1030.98   996.93  1030.49
ST_Z_HD121859   2460783.55149   0.00358   0.00093  -33.26    7.82  0.00143  0.00094 -0.00328  0.00093  1047.36  1083.95  1047.94   984.65  1096.59  1029.95   997.30  1029.47
ST_Z_HD121859   2460783.55164   0.00521   0.00092  -31.90    5.19  0.00230  0.00094 -0.00468  0.00092  1047.71  1083.62  1048.30   984.32  1096.39  1029.84   997.09  1029.34
ST_Z_HD121859   2460783.55179   0.00443   0.00093  -42.26    6.19  0.00042  0.00095 -0.00441  0.00093  1047.51  1083.93  1048.09   984.62  1096.67  1029.81   997.38  1029.32
ST_Z_HD121859   2460783.55196   0.00423   0.00092  -41.58    6.48  0.00050  0.00095 -0.00420  0.00092  1047.57  1084.43  1048.15   985.13  1096.53  1030.23   997.23  1029.74
VCyg12          2460835.57285   0.08173   0.00081  -60.14    0.28 -0.04122  0.00082 -0.07058  0.00081  1037.15  1079.86  1037.70   980.89  1085.99  1025.77   986.99  1025.31
VCyg12          2460835.57308   0.08208   0.00081  -59.18    0.28 -0.03898  0.00082 -0.07223  0.00081  1037.42  1079.28  1037.96   980.30  1086.33  1025.23   987.33  1024.78
VCyg12          2460835.57330   0.08247   0.00082  -59.14    0.28 -0.03907  0.00083 -0.07263  0.00081  1037.17  1078.53  1037.72   979.55  1086.16  1024.58   987.15  1024.12
VCyg12          2460835.57352   0.08251   0.00082  -59.13    0.28 -0.03908  0.00083 -0.07267  0.00081  1037.15  1078.18  1037.69   979.20  1086.20  1024.10   987.20  1023.65
VCyg12          2460835.57374   0.08147   0.00081  -59.63    0.28 -0.03982  0.00082 -0.07107  0.00080  1038.10  1077.78  1038.64   978.78  1087.03  1023.63   988.05  1023.18
VCyg12          2460835.57396   0.08196   0.00081  -59.31    0.28 -0.03926  0.00083 -0.07194  0.00080  1037.94  1077.32  1038.48   978.31  1086.68  1023.18   987.69  1022.72
VCyg12          2460835.57418   0.08244   0.00080  -59.22    0.28 -0.03925  0.00082 -0.07249  0.00080  1037.63  1076.34  1038.17   977.34  1086.59  1022.14   987.60  1021.70
