# BD+32.3739
# 2460835.56032
# apert     q         sq           u           su         PD          sPD        EVPA        sEVPA       x0     y0    x1       y1      x2     y2     x3      y3
11.0     0.00338     0.00107    -0.00186     0.00105     0.00386     0.00107   -14.43131     8.36684 1029.71 1079.00 1030.24  979.63 1078.11 1024.82  978.65 1024.36
12.0     0.00332     0.00108    -0.00171     0.00106     0.00373     0.00108   -13.64605     8.76973 1029.71 1079.00 1030.24  979.63 1078.11 1024.82  978.65 1024.36
13.0     0.00315     0.00109    -0.00160     0.00107     0.00353     0.00109   -13.46999     9.45000 1029.71 1079.00 1030.24  979.63 1078.11 1024.82  978.65 1024.36
14.0     0.00306     0.00111    -0.00151     0.00109     0.00341     0.00110   -13.15785     9.96996 1029.71 1079.00 1030.24  979.63 1078.11 1024.82  978.65 1024.36
15.0     0.00303     0.00112    -0.00152     0.00110     0.00339     0.00112   -13.35130    10.22062 1029.71 1079.00 1030.24  979.63 1078.11 1024.82  978.65 1024.36
16.0     0.00301     0.00114    -0.00157     0.00112     0.00340     0.00114   -13.79224    10.37355 1029.71 1079.00 1030.24  979.63 1078.11 1024.82  978.65 1024.36
17.0     0.00322     0.00116    -0.00168     0.00114     0.00363     0.00116   -13.77063     9.82723 1029.71 1079.00 1030.24  979.63 1078.11 1024.82  978.65 1024.36
