# BD+40.2704
# 2460829.30528
# apert     q         sq           u           su         PD          sPD        EVPA        sEVPA       x0     y0    x1       y1      x2     y2     x3      y3
11.0     0.00071     0.00105    -0.00048     0.00103     0.00086     0.00104   -16.98028    61.44223 1038.44 1082.92 1038.95  983.59 1083.39 1028.73  983.98 1028.31
12.0     0.00075     0.00106    -0.00059     0.00103     0.00096     0.00105   -19.11284    61.44223 1038.44 1082.92 1038.95  983.59 1083.39 1028.73  983.98 1028.31
13.0     0.00060     0.00107    -0.00070     0.00105     0.00092     0.00106   -24.69061    61.44223 1038.44 1082.92 1038.95  983.59 1083.39 1028.73  983.98 1028.31
14.0     0.00063     0.00108    -0.00063     0.00106     0.00089     0.00107   -22.44720    61.44223 1038.44 1082.92 1038.95  983.59 1083.39 1028.73  983.98 1028.31
15.0     0.00071     0.00110    -0.00067     0.00108     0.00098     0.00109   -21.65985    61.44223 1038.44 1082.92 1038.95  983.59 1083.39 1028.73  983.98 1028.31
16.0     0.00089     0.00112    -0.00065     0.00109     0.00111     0.00111   -18.02216    61.44223 1038.44 1082.92 1038.95  983.59 1083.39 1028.73  983.98 1028.31
17.0     0.00113     0.00114    -0.00080     0.00111     0.00138     0.00113   -17.64567    61.44223 1038.44 1082.92 1038.95  983.59 1083.39 1028.73  983.98 1028.31
