# BD+33.2642
# 2460835.30711
# apert     q         sq           u           su         PD          sPD        EVPA        sEVPA       x0     y0    x1       y1      x2     y2     x3      y3
11.0     0.00030     0.00166    -0.00274     0.00163     0.00276     0.00163   -41.89527    21.99797 1037.99 1080.26 1038.48  980.88 1086.28 1025.91  986.91 1025.50
12.0    -0.00038     0.00170    -0.00261     0.00167     0.00264     0.00167   -49.18443    24.29297 1037.99 1080.26 1038.48  980.88 1086.28 1025.91  986.91 1025.50
13.0    -0.00057     0.00174    -0.00208     0.00171     0.00215     0.00171   -52.68120    61.44223 1037.99 1080.26 1038.48  980.88 1086.28 1025.91  986.91 1025.50
14.0    -0.00069     0.00179    -0.00205     0.00176     0.00217     0.00176   -54.32025    61.44223 1037.99 1080.26 1038.48  980.88 1086.28 1025.91  986.91 1025.50
15.0    -0.00069     0.00184    -0.00202     0.00181     0.00213     0.00181   -54.46089    61.44223 1037.99 1080.26 1038.48  980.88 1086.28 1025.91  986.91 1025.50
16.0    -0.00133     0.00190    -0.00196     0.00187     0.00237     0.00188   -62.01409    61.44223 1037.99 1080.26 1038.48  980.88 1086.28 1025.91  986.91 1025.50
17.0    -0.00173     0.00197    -0.00182     0.00193     0.00251     0.00195   -66.78490    61.44223 1037.99 1080.26 1038.48  980.88 1086.28 1025.91  986.91 1025.50
