# BD+40.2704
# 2460830.27406
# apert     q         sq           u           su         PD          sPD        EVPA        sEVPA       x0     y0    x1       y1      x2     y2     x3      y3
11.0     0.00252     0.00100    -0.00212     0.00098     0.00329     0.00099   -20.03463     9.25594 1035.84 1079.47 1036.38  980.15 1084.39 1025.37  985.04 1024.90
12.0     0.00224     0.00101    -0.00222     0.00099     0.00315     0.00100   -22.31964     9.78047 1035.84 1079.47 1036.38  980.15 1084.39 1025.37  985.04 1024.90
13.0     0.00196     0.00102    -0.00219     0.00100     0.00294     0.00101   -24.13315    10.73391 1035.84 1079.47 1036.38  980.15 1084.39 1025.37  985.04 1024.90
14.0     0.00183     0.00104    -0.00207     0.00101     0.00276     0.00102   -24.28463    11.74395 1035.84 1079.47 1036.38  980.15 1084.39 1025.37  985.04 1024.90
15.0     0.00176     0.00105    -0.00186     0.00103     0.00256     0.00104   -23.27517    13.18184 1035.84 1079.47 1036.38  980.15 1084.39 1025.37  985.04 1024.90
16.0     0.00170     0.00107    -0.00177     0.00105     0.00245     0.00106   -23.07044    14.19293 1035.84 1079.47 1036.38  980.15 1084.39 1025.37  985.04 1024.90
17.0     0.00160     0.00109    -0.00173     0.00106     0.00236     0.00108   -23.68328    15.30844 1035.84 1079.47 1036.38  980.15 1084.39 1025.37  985.04 1024.90
