# HD183143
# 2460835.55399
# apert     q         sq           u           su         PD          sPD        EVPA        sEVPA       x0     y0    x1       y1      x2     y2     x3      y3
13.0     0.06145     0.00060    -0.00614     0.00059     0.06176     0.00060    -2.85407     0.27634 1044.62 1076.93 1045.16  977.66 1093.13 1022.88  993.94 1022.43
14.0     0.06145     0.00060    -0.00613     0.00059     0.06175     0.00060    -2.84882     0.27731 1044.62 1076.93 1045.16  977.66 1093.13 1022.88  993.94 1022.43
15.0     0.06139     0.00060    -0.00614     0.00059     0.06170     0.00060    -2.85515     0.27876 1044.62 1076.93 1045.16  977.66 1093.13 1022.88  993.94 1022.43
16.0     0.06138     0.00060    -0.00607     0.00059     0.06168     0.00060    -2.82475     0.28036 1044.62 1076.93 1045.16  977.66 1093.13 1022.88  993.94 1022.43
17.0     0.06143     0.00061    -0.00612     0.00060     0.06173     0.00061    -2.84645     0.28189 1044.62 1076.93 1045.16  977.66 1093.13 1022.88  993.94 1022.43
18.0     0.06145     0.00061    -0.00612     0.00060     0.06175     0.00061    -2.84294     0.28382 1044.62 1076.93 1045.16  977.66 1093.13 1022.88  993.94 1022.43
19.0     0.06148     0.00062    -0.00608     0.00061     0.06178     0.00062    -2.82201     0.28600 1044.62 1076.93 1045.16  977.66 1093.13 1022.88  993.94 1022.43
