# ST_L_107_602
# 2460783.54860
# apert     q         sq           u           su         PD          sPD        EVPA        sEVPA       x0     y0    x1       y1      x2     y2     x3      y3
11.0    -0.00684     0.00058     0.00376     0.00057     0.00780     0.00058    75.60423     2.12977 1040.70 1068.85 1042.03  969.04 1089.82 1013.59  990.90 1012.90
12.0    -0.00689     0.00058     0.00385     0.00058     0.00790     0.00058    75.39146     2.11465 1040.70 1068.85 1042.03  969.04 1089.82 1013.59  990.90 1012.90
13.0    -0.00699     0.00059     0.00393     0.00058     0.00802     0.00059    75.34143     2.09883 1040.70 1068.85 1042.03  969.04 1089.82 1013.59  990.90 1012.90
14.0    -0.00706     0.00059     0.00398     0.00059     0.00810     0.00059    75.28319     2.09725 1040.70 1068.85 1042.03  969.04 1089.82 1013.59  990.90 1012.90
15.0    -0.00697     0.00060     0.00402     0.00059     0.00805     0.00060    75.03193     2.13785 1040.70 1068.85 1042.03  969.04 1089.82 1013.59  990.90 1012.90
16.0    -0.00695     0.00061     0.00417     0.00060     0.00810     0.00061    74.51600     2.15420 1040.70 1068.85 1042.03  969.04 1089.82 1013.59  990.90 1012.90
17.0    -0.00693     0.00062     0.00428     0.00061     0.00814     0.00062    74.15349     2.17740 1040.70 1068.85 1042.03  969.04 1089.82 1013.59  990.90 1012.90
