# ST_Z_HD121859
# 2460783.55179
# apert     q         sq           u           su         PD          sPD        EVPA        sEVPA       x0     y0    x1       y1      x2     y2     x3      y3
11.0     0.00111     0.00092    -0.00421     0.00090     0.00436     0.00090   -37.64027     6.07781 1047.51 1083.93 1048.09  984.62 1096.67 1029.81  997.38 1029.32
12.0     0.00099     0.00092    -0.00417     0.00090     0.00429     0.00090   -38.29641     6.22529 1047.51 1083.93 1048.09  984.62 1096.67 1029.81  997.38 1029.32
13.0     0.00071     0.00093    -0.00425     0.00091     0.00431     0.00091   -40.23974     6.23883 1047.51 1083.93 1048.09  984.62 1096.67 1029.81  997.38 1029.32
14.0     0.00048     0.00094    -0.00428     0.00092     0.00431     0.00092   -41.82633     6.30141 1047.51 1083.93 1048.09  984.62 1096.67 1029.81  997.38 1029.32
15.0     0.00042     0.00095    -0.00441     0.00093     0.00443     0.00093   -42.26368     6.18680 1047.51 1083.93 1048.09  984.62 1096.67 1029.81  997.38 1029.32
16.0     0.00047     0.00096    -0.00460     0.00094     0.00462     0.00094   -42.07529     5.98992 1047.51 1083.93 1048.09  984.62 1096.67 1029.81  997.38 1029.32
17.0     0.00046     0.00097    -0.00466     0.00095     0.00468     0.00095   -42.15245     6.00188 1047.51 1083.93 1048.09  984.62 1096.67 1029.81  997.38 1029.32
