# ST_Z_BD+35.2256
# 2460780.46884
# apert     q         sq           u           su         PD          sPD        EVPA        sEVPA       x0     y0    x1       y1      x2     y2     x3      y3
 9.0     0.00427     0.00115    -0.00177     0.00112     0.00462     0.00115   -11.25593     7.40742 1037.12 1079.70 1037.82  980.21 1084.86 1025.52  985.32 1024.89
10.0     0.00405     0.00116    -0.00171     0.00113     0.00439     0.00116   -11.43034     7.93406 1037.12 1079.70 1037.82  980.21 1084.86 1025.52  985.32 1024.89
11.0     0.00389     0.00118    -0.00168     0.00114     0.00423     0.00117   -11.65976     8.39320 1037.12 1079.70 1037.82  980.21 1084.86 1025.52  985.32 1024.89
12.0     0.00375     0.00120    -0.00185     0.00116     0.00418     0.00119   -13.15368     8.65934 1037.12 1079.70 1037.82  980.21 1084.86 1025.52  985.32 1024.89
13.0     0.00349     0.00122    -0.00220     0.00119     0.00413     0.00121   -16.14337     8.95465 1037.12 1079.70 1037.82  980.21 1084.86 1025.52  985.32 1024.89
14.0     0.00316     0.00125    -0.00225     0.00121     0.00388     0.00124   -17.71053     9.83883 1037.12 1079.70 1037.82  980.21 1084.86 1025.52  985.32 1024.89
15.0     0.00293     0.00128    -0.00250     0.00124     0.00385     0.00127   -20.19443    10.19039 1037.12 1079.70 1037.82  980.21 1084.86 1025.52  985.32 1024.89
