# VCyg12
# 2460835.57308
# apert     q         sq           u           su         PD          sPD        EVPA        sEVPA       x0     y0    x1       y1      x2     y2     x3      y3
11.0    -0.03874     0.00080    -0.07242     0.00079     0.08213     0.00079   -59.07116     0.27498 1037.42 1079.28 1037.96  980.30 1086.33 1025.23  987.33 1024.78
12.0    -0.03890     0.00080    -0.07234     0.00079     0.08213     0.00079   -59.13507     0.27639 1037.42 1079.28 1037.96  980.30 1086.33 1025.23  987.33 1024.78
13.0    -0.03901     0.00081    -0.07218     0.00079     0.08205     0.00080   -59.19433     0.27850 1037.42 1079.28 1037.96  980.30 1086.33 1025.23  987.33 1024.78
14.0    -0.03900     0.00081    -0.07222     0.00080     0.08208     0.00080   -59.18358     0.28065 1037.42 1079.28 1037.96  980.30 1086.33 1025.23  987.33 1024.78
15.0    -0.03898     0.00082    -0.07223     0.00081     0.08208     0.00081   -59.17687     0.28332 1037.42 1079.28 1037.96  980.30 1086.33 1025.23  987.33 1024.78
16.0    -0.03906     0.00083    -0.07228     0.00082     0.08216     0.00082   -59.19363     0.28617 1037.42 1079.28 1037.96  980.30 1086.33 1025.23  987.33 1024.78
17.0    -0.03919     0.00084    -0.07227     0.00083     0.08222     0.00083   -59.23564     0.28959 1037.42 1079.28 1037.96  980.30 1086.33 1025.23  987.33 1024.78
