# BD+28.4211
# 2460835.58249
# apert     q         sq           u           su         PD          sPD        EVPA        sEVPA       x0     y0    x1       y1      x2     y2     x3      y3
 9.0     0.00215     0.00094    -0.00029     0.00093     0.00217     0.00094    -3.79469    14.29805 1037.14 1083.44 1037.71  984.09 1085.44 1029.51  986.04 1029.05
10.0     0.00185     0.00095    -0.00068     0.00093     0.00197     0.00094   -10.04534    16.33008 1037.14 1083.44 1037.71  984.09 1085.44 1029.51  986.04 1029.05
11.0     0.00201     0.00095    -0.00084     0.00093     0.00218     0.00095   -11.38172    14.29840 1037.14 1083.44 1037.71  984.09 1085.44 1029.51  986.04 1029.05
12.0     0.00200     0.00095    -0.00087     0.00094     0.00218     0.00095   -11.72232    14.45379 1037.14 1083.44 1037.71  984.09 1085.44 1029.51  986.04 1029.05
13.0     0.00201     0.00096    -0.00074     0.00095     0.00214     0.00096   -10.10687    14.95195 1037.14 1083.44 1037.71  984.09 1085.44 1029.51  986.04 1029.05
14.0     0.00202     0.00097    -0.00051     0.00096     0.00208     0.00097    -7.04229    15.75703 1037.14 1083.44 1037.71  984.09 1085.44 1029.51  986.04 1029.05
15.0     0.00205     0.00099    -0.00019     0.00097     0.00206     0.00099    -2.65803    16.32937 1037.14 1083.44 1037.71  984.09 1085.44 1029.51  986.04 1029.05
