# BD+40.2704
# 2460835.29601
# apert     q         sq           u           su         PD          sPD        EVPA        sEVPA       x0     y0    x1       y1      x2     y2     x3      y3
11.0     0.00367     0.00116    -0.00212     0.00113     0.00424     0.00115   -15.02886     8.20547 1040.74 1079.75 1041.22  980.47 1089.08 1025.60  989.81 1025.20
12.0     0.00366     0.00117    -0.00202     0.00114     0.00418     0.00117   -14.45481     8.45016 1040.74 1079.75 1041.22  980.47 1089.08 1025.60  989.81 1025.20
13.0     0.00372     0.00119    -0.00203     0.00116     0.00423     0.00118   -14.30308     8.45156 1040.74 1079.75 1041.22  980.47 1089.08 1025.60  989.81 1025.20
14.0     0.00369     0.00121    -0.00202     0.00118     0.00421     0.00120   -14.30555     8.65723 1040.74 1079.75 1041.22  980.47 1089.08 1025.60  989.81 1025.20
15.0     0.00352     0.00123    -0.00189     0.00120     0.00400     0.00122   -14.07411     9.36457 1040.74 1079.75 1041.22  980.47 1089.08 1025.60  989.81 1025.20
16.0     0.00357     0.00125    -0.00171     0.00122     0.00396     0.00125   -12.78354     9.69117 1040.74 1079.75 1041.22  980.47 1089.08 1025.60  989.81 1025.20
17.0     0.00381     0.00128    -0.00167     0.00125     0.00416     0.00128   -11.85565     9.40043 1040.74 1079.75 1041.22  980.47 1089.08 1025.60  989.81 1025.20
