# BD+33.2642
# 2460830.54189
# apert     q         sq           u           su         PD          sPD        EVPA        sEVPA       x0     y0    x1       y1      x2     y2     x3      y3
11.0     0.00065     0.00167     0.00018     0.00165     0.00067     0.00167     7.78531    61.44223 1036.44 1081.09 1036.92  981.65 1082.44 1027.05  982.89 1026.64
12.0    -0.00001     0.00170     0.00021     0.00168     0.00021     0.00168    45.94001    61.44223 1036.44 1081.09 1036.92  981.65 1082.44 1027.05  982.89 1026.64
13.0    -0.00109     0.00174    -0.00004     0.00171     0.00109     0.00174   -88.99118    61.44223 1036.44 1081.09 1036.92  981.65 1082.44 1027.05  982.89 1026.64
14.0    -0.00174     0.00178     0.00003     0.00175     0.00174     0.00178    89.50726    61.44223 1036.44 1081.09 1036.92  981.65 1082.44 1027.05  982.89 1026.64
15.0    -0.00255     0.00182     0.00012     0.00180     0.00256     0.00182    88.63069    61.44223 1036.44 1081.09 1036.92  981.65 1082.44 1027.05  982.89 1026.64
16.0    -0.00331     0.00187     0.00012     0.00185     0.00331     0.00187    88.95801    20.59840 1036.44 1081.09 1036.92  981.65 1082.44 1027.05  982.89 1026.64
17.0    -0.00388     0.00193     0.00075     0.00190     0.00395     0.00193    84.51689    16.75898 1036.44 1081.09 1036.92  981.65 1082.44 1027.05  982.89 1026.64
