# Hiltner960
# 2460835.54920
# apert     q         sq           u           su         PD          sPD        EVPA        sEVPA       x0     y0    x1       y1      x2     y2     x3      y3
11.0    -0.01201     0.00096     0.04970     0.00093     0.05113     0.00093    51.79265     0.52302 1038.69 1079.21 1039.03  979.40 1084.52 1020.82  987.90 1023.61
12.0    -0.01364     0.00096     0.04945     0.00094     0.05130     0.00094    52.71130     0.52464 1038.69 1079.21 1039.03  979.40 1084.52 1020.82  987.90 1023.61
13.0    -0.01472     0.00097     0.04943     0.00094     0.05157     0.00095    53.29173     0.52581 1038.69 1079.21 1039.03  979.40 1084.52 1020.82  987.90 1023.61
14.0    -0.01549     0.00098     0.04927     0.00095     0.05165     0.00095    53.72939     0.52913 1038.69 1079.21 1039.03  979.40 1084.52 1020.82  987.90 1023.61
15.0    -0.01571     0.00098     0.04886     0.00096     0.05132     0.00096    53.90979     0.53665 1038.69 1079.21 1039.03  979.40 1084.52 1020.82  987.90 1023.61
16.0    -0.01608     0.00099     0.04833     0.00097     0.05094     0.00097    54.20265     0.54614 1038.69 1079.21 1039.03  979.40 1084.52 1020.82  987.90 1023.61
17.0    -0.01643     0.00101     0.04794     0.00098     0.05068     0.00098    54.45796     0.55622 1038.69 1079.21 1039.03  979.40 1084.52 1020.82  987.90 1023.61
