#Name   JD    P   sP    PA[deg]  sPA[deg]   q        sq       u        su   x0    y0    x1   y1   x2    y2    x3    y3
Mark_81         2460830.38067   0.00998   0.00169  -30.50    4.96  0.00484  0.00173 -0.00873  0.00168  1036.99  1083.17  1037.51   984.72  1086.44  1029.25   987.92  1028.86
Mark_81         2460830.38088   0.01341   0.00172  -12.89    3.72  0.01208  0.00173 -0.00583  0.00169  1037.99  1083.60  1038.51   985.15  1087.75  1029.74   989.25  1029.39
Mark_81         2460830.38109   0.01033   0.00175  -24.14    4.94  0.00688  0.00177 -0.00771  0.00173  1036.86  1082.91  1037.37   984.48  1086.44  1029.09   987.93  1028.72
Mark_81         2460830.38130   0.00655   0.00175  -26.47    8.06  0.00395  0.00179 -0.00522  0.00173  1037.29  1083.89  1037.79   985.49  1087.15  1030.10   988.66  1029.72
Mark_81         2460830.38152   0.00557   0.00177   -2.82    9.79  0.00554  0.00177 -0.00055  0.00172  1038.40  1083.38  1038.92   984.92  1087.91  1029.42   989.40  1029.01
Mark_81         2460830.38172   0.00787   0.00171  -22.36    6.45  0.00559  0.00173 -0.00554  0.00170  1037.30  1082.99  1037.80   984.56  1086.95  1029.17   988.46  1028.78
Mark_81         2460830.38193   0.01030   0.00180  -31.75    5.12  0.00460  0.00185 -0.00922  0.00179  1036.66  1082.08  1037.18   983.63  1086.55  1028.43   988.09  1028.06
Mark_81         2460830.38214   0.00909   0.00175  -33.47    5.66  0.00356  0.00179 -0.00836  0.00174  1037.92  1083.03  1038.44   984.60  1088.01  1029.40   989.53  1029.04
Mark_81         2460830.38236   0.01232   0.00174  -24.72    4.09  0.00801  0.00176 -0.00936  0.00172  1036.49  1083.33  1037.01   984.89  1086.47  1029.40   987.96  1029.01
