# BD+32.3739
# 2460835.56047
# apert     q         sq           u           su         PD          sPD        EVPA        sEVPA       x0     y0    x1       y1      x2     y2     x3      y3
11.0     0.00315     0.00107    -0.00334     0.00105     0.00459     0.00106   -23.32423     6.87445 1028.96 1078.57 1029.50  979.20 1077.27 1024.33  977.79 1023.87
12.0     0.00305     0.00108    -0.00344     0.00106     0.00459     0.00107   -24.19902     6.93422 1028.96 1078.57 1029.50  979.20 1077.27 1024.33  977.79 1023.87
13.0     0.00303     0.00109    -0.00357     0.00107     0.00468     0.00108   -24.80191     6.86707 1028.96 1078.57 1029.50  979.20 1077.27 1024.33  977.79 1023.87
14.0     0.00306     0.00110    -0.00355     0.00109     0.00469     0.00110   -24.63823     6.95215 1028.96 1078.57 1029.50  979.20 1077.27 1024.33  977.79 1023.87
15.0     0.00305     0.00112    -0.00370     0.00110     0.00479     0.00111   -25.24491     6.88605 1028.96 1078.57 1029.50  979.20 1077.27 1024.33  977.79 1023.87
16.0     0.00306     0.00114    -0.00383     0.00112     0.00490     0.00113   -25.66706     6.83965 1028.96 1078.57 1029.50  979.20 1077.27 1024.33  977.79 1023.87
17.0     0.00306     0.00116    -0.00407     0.00114     0.00510     0.00115   -26.52767     6.68039 1028.96 1078.57 1029.50  979.20 1077.27 1024.33  977.79 1023.87
