# CygOB2_14
# 2460835.57020
# apert     q         sq           u           su         PD          sPD        EVPA        sEVPA       x0     y0    x1       y1      x2     y2     x3      y3
11.0    -0.03197     0.00151     0.00023     0.00147     0.03197     0.00151    89.78955     1.35212 1036.82 1075.94 1037.36  976.66 1085.65 1021.68  986.37 1021.22
12.0    -0.03231     0.00153     0.00087     0.00149     0.03232     0.00153    89.23320     1.35932 1036.82 1075.94 1037.36  976.66 1085.65 1021.68  986.37 1021.22
13.0    -0.03289     0.00156     0.00130     0.00152     0.03291     0.00156    88.86655     1.36086 1036.82 1075.94 1037.36  976.66 1085.65 1021.68  986.37 1021.22
14.0    -0.03337     0.00160     0.00152     0.00155     0.03341     0.00160    88.69753     1.37053 1036.82 1075.94 1037.36  976.66 1085.65 1021.68  986.37 1021.22
15.0    -0.03376     0.00164     0.00158     0.00159     0.03379     0.00164    88.65636     1.38873 1036.82 1075.94 1037.36  976.66 1085.65 1021.68  986.37 1021.22
16.0    -0.03396     0.00168     0.00180     0.00163     0.03400     0.00168    88.48274     1.41813 1036.82 1075.94 1037.36  976.66 1085.65 1021.68  986.37 1021.22
17.0    -0.03439     0.00173     0.00219     0.00168     0.03446     0.00173    88.17736     1.44352 1036.82 1075.94 1037.36  976.66 1085.65 1021.68  986.37 1021.22
