#GID   RA    DEC     l     b     RP
3950273600440000000  184.44484  18.78353  258.33011  78.62064  11.45
3948149030450000000  190.87105  19.30227  289.38443  81.96399  10.77
3956451996800000000  194.34618  22.46027  319.37517  85.14099  10.64
3949545311430000000  188.58231  21.20137  268.66934  82.90539  12.13
3942692089810000000  193.00078  20.52896  304.08320  83.39945  12.48
3955656019100000000  188.61703  21.90505  265.56407  83.50669  11.29
3951962789610000000  185.77544  20.03692  258.98062  80.39036  11.95
3942866637280000000  194.02611  21.41556  313.72241  84.18929  10.61
3948387766200000000  189.03011  19.97168  276.01320  82.03045  11.22
3944098395250000000  195.16597  21.13651  322.77119  83.64980  10.93
3954932849690000000  193.70149  22.25601  312.03433  85.06812  11.89
3946823813990000000  184.33128  17.98326  260.47034  77.94003  10.73
3952490593840000000  186.78461  20.96910  259.64149  81.71395  8.79
3942702706970000000  193.24724  20.74730  306.19139  83.60923  12.06
3955100215970000000  191.48018  22.10040  288.63536  84.81829  10.35
3949644370560000000  188.23808  21.69961  264.16786  83.13300  8.66
3955749164050000000  190.17029  22.52565  274.42012  84.79084  12.07
3952533268640000000  187.36690  21.40331  260.59309  82.39663  12.12
3955887393280000000  191.76004  22.50281  290.52274  85.26823  11.73
3954711053280000000  191.00832  21.68972  285.32036  84.30652  11.79
3947802654220000000  187.90747  18.47875  274.10805  80.22298  10.65
3926452264420000000  178.78174  17.35907  246.93444  73.73721  11.48
3947695310100000000  187.72806  17.88821  274.74541  79.61853  11.83
3954196172600000000  191.59833  19.85936  293.63277  82.63985  11.93
3948219334770000000  190.49174  19.61945  286.30494  82.18365  11.23
3948875193450000000  186.62331  19.53539  264.62378  80.49415  11.43
3925433566890000000  179.79797  16.54983  251.42447  73.93176  11.48
3948565784010000000  187.06926  18.80245  269.12064  80.11765  11.63
3942309008790000000  192.55922  20.26840  300.57495  83.13465  12.28
3942619556410000000  194.76712  21.33237  320.03879  83.94904  11.64
3956202064060000000  190.20500  23.08015  271.65717  85.29247  12.45
3940457676030000000  198.41920  20.67283  342.31411  81.78645  11.62
3972575613260000000  173.76079  16.01056  241.14092  69.09049  9.45
3925117118000000000  180.15356  15.65528  254.55007  73.54308  12.26
3955534901020000000  190.65321  22.12422  280.62235  84.60940  12.45
3941751869930000000  195.72166  20.40738  324.81809  82.78758  10.98
3926131932870000000  178.69035  16.60255  248.76378  73.18150  11.68
3943581590420000000  198.56891  21.68253  347.82177  82.47328  11.64
3947107728510000000  186.13577  18.46527  265.98309  79.35342  11.04
3955928801060000000  191.05595  22.54530  282.89329  85.13380  10.82
3926601527414968704  179.76852  17.35202  249.17726  74.45105  9.87
3925373544730000000  180.42894  16.47464  253.16159  74.31360  12.09
3955152683290000000  192.66293  22.23976  300.79803  85.10825  12.46
3954744592680000000  192.50705  21.05345  299.82682  83.91669  10.35
3943578876000000000  198.46275  21.57051  346.69100  82.45603  11.66
3955437422440000000  190.67908  21.62920  282.61489  84.15374  11.55
3947780148590000000  187.09894  18.19958  271.00357  79.61312  11.73
3942275615420000000  192.34393  20.02893  299.01840  82.88500  11.41
3954865809540000000  193.36322  21.46830  307.67511  84.32148  11.78
3952643425960000000  187.62286  21.82166  259.88708  82.86934  11.62
3943777784530000000  197.44122  21.82843  342.10319  83.25799  11.70
3942160265490000000  191.51625  19.67889  293.26151  82.44955  12.32
3942750737590000000  193.23315  21.16364  306.28184  84.02566  12.21
3947700708880000000  187.86642  17.90119  275.37316  79.68778  12.46
3942460402100000000  194.25240  20.51413  314.12494  83.26446  12.16
3940592744160000000  199.45230  21.35375  350.48404  81.66770  10.84
3940598344800000000  199.07339  21.30111  348.45208  81.87456  12.07
3952081609880000000  186.17758  20.58328  258.49298  81.04958  11.25
3947052856010000000  186.71483  18.48219  268.45651  79.66845  11.94
3942082444980000000  191.73763  19.22008  295.27436  82.02503  11.46
3954295506600000000  191.34618  20.58013  290.68387  83.30746  12.01
3954403400480000000  191.54272  20.92272  291.68942  83.67918  11.39
3944267724340000000  195.94945  22.18115  333.17271  84.31213  12.43
3942828601050000000  194.34177  21.59279  316.95284  84.30242  12.49
3942828223100000000  194.27957  21.55625  316.30327  84.27994  12.35
3947292137230000000  185.56290  18.60003  263.19469  79.14663  8.85
3973316306150000000  173.16840  16.04864  240.14985  68.64555  11.79
3948222663360000000  190.54509  19.73586  286.43097  82.30930  11.56
3949424360850000000  188.22710  20.73028  268.46568  82.32984  11.34
3955723325530000000  189.89764  22.36118  272.86443  84.52704  10.14
3955795931950000000  189.60686  22.77385  268.12362  84.74163  12.49
3926232980570000000  179.12151  16.83755  249.09870  73.64689  11.16
3950281400100000000  184.56752  18.84387  258.57270  78.74254  10.18
3949615744600000000  188.22232  21.52775  264.91586  82.98609  11.76
3972572761410000000  173.84973  15.99188  241.32259  69.14937  11.33
3958685139270000000  188.33504  22.35240  261.25218  83.70108  11.83
3949368152620000000  189.10039  21.16461  272.23497  83.12152  12.48
3973394298460000000  172.28996  16.31608  238.27352  68.09332  11.62
3947684388000000000  189.15128  18.70853  280.10276  80.91571  11.42
3954364470890000000  192.31638  20.84194  298.30583  83.69417  12.46
3955414916820000000  189.62936  21.72646  273.68203  83.85037  12.45
3955155878750000000  192.76253  22.26891  301.87290  85.13986  11.34
3954608184520000000  191.04074  21.14195  287.05514  83.78820  10.55
3943450203080000000  196.73454  21.68843  336.72437  83.51713  11.93
3952128270400000000  186.00064  20.71048  257.15698  81.03201  11.66
3943308159920000000  196.00450  21.03150  328.80917  83.26189  11.06
3948678002910000000  187.67645  19.04796  271.33138  80.62113  12.48
3956136540040000000  190.44592  22.84070  275.38023  85.18697  12.07
3944108295150000000  195.29697  21.33132  324.42258  83.79209  10.72
3952119302510000000  186.67152  21.00857  258.91132  81.67420  12.16
3925378801770000000  180.32584  16.57441  252.64214  74.31339  11.63
3948963910300000000  187.18407  19.73859  266.58808  80.96335  11.35
3947212521420000000  184.43826  18.13772  260.37912  78.12400  12.16
3944041912140000000  195.53589  21.06934  325.45289  83.46775  12.28
3948418689970000000  189.84464  19.91360  281.34721  82.27493  10.51
1442583036880000000  200.15236  21.73875  355.42548  81.45190  12.39
3942554371690000000  194.29060  20.54089  314.46785  83.28405  12.11
3954184249770000000  191.00716  19.81921  289.46623  82.49649  11.70
3955521706880000000  190.03488  22.04078  275.54333  84.30153  10.69
3954825612940000000  192.25447  21.56695  297.14453  84.41148  9.77
3947877352290000000  188.88820  18.86411  278.26459  80.96542  10.86
3949222948360000000  188.10175  20.43745  268.88847  82.01967  12.24
3955682269940000000  189.29832  22.20417  268.85760  84.10860  11.24
3947043853760000000  186.46133  18.32573  267.79898  79.40753  12.44
3956518757770000000  194.08725  22.75529  317.47775  85.48766  10.45
3936141783650000000  191.15543  19.26661  291.31850  81.98423  12.49
3948301591980000000  189.62154  19.56619  280.80849  81.87584  12.03
3942021967540000000  193.35258  19.50348  306.43108  82.36183  12.44
3925221017550000000  179.84392  15.83708  253.35142  73.46539  11.79
3950309953050000000  183.69484  18.82937  255.57463  78.17433  10.94
3948211913060000000  190.07516  19.66622  283.45821  82.11348  11.21
3942563618750000000  194.56822  20.74805  317.04154  83.43174  12.25
3948699477750000000  187.66389  19.21987  270.73863  80.76433  12.50
3944128116420000000  195.22871  21.57278  324.66398  84.04045  11.86
3952119504370000000  186.65903  21.01425  258.82503  81.67072  10.41
3948238473140000000  190.28308  19.85242  284.41157  82.35088  9.46
3926174985620000000  179.13809  16.65950  249.60750  73.54057  12.48
3944111112650000000  195.23802  21.33821  323.96741  83.81757  11.50
3955784902480000000  189.36665  22.52931  267.60450  84.41524  10.72
3954213769080000000  191.42332  20.01524  292.15264  82.76646  10.76
3948067808320000000  189.60675  18.99158  282.07808  81.33173  12.47
3955155019750000000  192.88593  22.24726  303.21961  85.11895  8.52
3954555575460000000  190.48114  20.98398  282.96861  83.48376  11.65
3954598735590000000  191.47507  21.13102  290.74610  83.87132  12.39
3943280431610000000  195.89963  20.81908  327.32980  83.10728  11.71
3942529636970000000  195.17595  20.78497  321.86929  83.31336  12.36
3946240969750000000  186.52159  17.72906  269.72758  78.93001  11.35
3948761703240000000  187.18109  19.44372  267.59791  80.71614  10.86
3925803075810000000  180.31715  16.71326  252.25157  74.40427  12.50
3952169983120000000  186.44914  21.09842  257.43895  81.60143  10.74
3926214739840000000  179.48094  17.04480  249.35777  74.04184  11.87
3948949788440000000  186.29753  19.95964  261.56588  80.64602  9.68
3935994208570000000  190.28989  18.57169  286.94649  81.12274  11.41
3948469026980000000  189.53358  20.06783  278.89736  82.31107  11.58
3952557870210000000  186.83688  21.43970  257.67200  82.09735  11.69
3954890930800000000  193.33429  21.74597  307.62379  84.60041  12.13
3955922203990000000  190.97514  22.45796  282.41275  85.02654  12.05
3948930306470000000  186.55142  19.79080  263.36455  80.65943  11.43
3949485903440000000  187.69337  20.87279  264.81392  82.16634  10.99
3952506261880000000  187.02443  21.31379  259.23096  82.12079  11.48
3947535404170000000  188.31076  17.95521  277.41477  79.91356  12.00
3944622248120000000  196.76021  22.48348  341.08855  84.16054  10.82
3947737989190000000  188.29013  18.28759  276.52161  80.20870  12.40
3972544547770000000  173.15970  15.60971  241.11836  68.38685  11.95
3943424158400000000  196.57054  21.54879  334.93326  83.47712  10.76
3944146709340000000  195.60942  21.68512  328.21869  84.00910  12.41
3947679302760000000  189.10612  18.63015  280.03206  80.82713  10.98
3944050639510000000  195.19397  21.06210  322.77679  83.57094  12.41
3947735480930000000  188.21313  18.18455  276.38493  80.08453  10.53
3948747547020000000  187.33986  19.34536  268.70832  80.71384  12.22
3955776926720000000  190.22482  22.86722  273.09889  85.11597  9.94
3941756126250000000  195.61722  20.46121  324.23417  82.87224  11.46
3948303889790000000  189.26990  19.42303  279.03004  81.62041  12.24
3948065368780000000  189.54636  18.90448  281.91636  81.23050  11.34
3952517871180000000  187.64133  21.32208  262.49044  82.49517  11.97
3948833789970000000  186.21124  19.17947  264.00635  79.97756  11.20
3947950469810000000  188.26430  19.01512  274.47328  80.85406  11.23
3948575748330000000  187.62355  18.77921  271.86310  80.36226  11.77
3947380750990000000  185.80965  19.12519  262.47341  79.70592  11.74
3954871483190000000  193.44429  21.62005  308.57870  84.46614  11.89
3947678409400000000  189.18694  18.59891  280.55078  80.82569  9.47
3946259970690000000  187.26802  17.95234  272.43903  79.47488  12.14
3948827227260000000  186.36423  19.17329  264.70178  80.05747  10.80
3925253079480000000  179.07962  15.72757  251.83723  72.86482  12.22
3926152411270000000  178.60652  16.87851  247.85690  73.30074  11.77
3943530639230000000  198.56300  21.51076  346.91921  82.34947  12.22
3954448858410000000  190.53494  20.30323  285.13276  82.85146  10.24
3936093164620000000  191.07309  18.97623  291.17095  81.68434  12.19
3944468797520000000  195.25258  22.29643  327.66611  84.70210  12.15
3947254410230000000  184.78951  18.63751  260.07654  78.72166  11.06
3955160341220000000  192.69608  22.35115  301.11781  85.22060  11.62
3955994462520000000  191.87299  22.76234  291.14252  85.54348  10.84
3954513209910000000  190.21013  20.50788  282.27479  82.95066  11.47
3947088143460000000  185.96173  18.47538  265.22021  79.26780  12.11
3943250641720000000  196.42085  20.92735  331.35724  82.99895  12.14
3941630167740000000  194.83844  19.97715  317.57292  82.62284  9.73
3948392610930000000  189.96404  19.58375  282.93072  82.00192  10.30
3949432542770000000  188.00117  20.81871  266.78412  82.28747  12.10
3947290792900000000  185.61534  18.53669  263.60702  79.12555  11.55
3943158145300000000  197.69467  21.00105  339.72331  82.44998  11.86
3947212628790000000  184.43320  18.15983  260.29285  78.13805  11.09
3955518270910000000  190.16376  22.04666  276.60694  84.35865  10.20
3949938043240000000  183.53401  18.81593  255.08795  78.05896  11.83
3967368394920000000  172.40683  15.99918  239.14651  68.01231  10.43
3948060695850000000  189.21501  18.80112  280.24647  81.02391  11.89
3949160722880000000  188.71802  20.24956  273.20333  82.14690  9.98
3955674019310000000  189.17865  22.08584  268.57554  83.94914  12.11
3942410610540000000  193.70314  19.88863  309.20425  82.71924  11.60
3952635312770000000  187.51118  21.71102  259.83908  82.71781  12.25
3944294078250000000  196.11522  22.33433  335.29638  84.36817  12.05
3942478990720000000  194.04025  20.68945  312.69387  83.47149  10.09
3941904839490000000  192.37547  19.17618  299.63084  82.03552  9.19
3949485422410000000  187.63763  20.83488  264.66940  82.10502  10.88
3946239011250000000  186.71805  17.77064  270.46223  79.06067  12.41
3948434113190000000  190.20955  20.08116  283.37366  82.54709  10.87
3925376701530000000  180.18828  16.48499  252.53790  74.15659  12.20
3955025174300000000  191.85338  21.68842  293.15999  84.48365  12.07
3955093721980000000  191.45384  21.93940  288.79058  84.65608  12.23
3954171815840000000  191.48672  19.74513  292.97031  82.51045  12.28
3947651952410000000  189.19588  18.25968  281.33465  80.51104  10.23
3954250151750000000  190.71889  20.04255  287.01622  82.64827  12.04
3948468786470000000  189.43100  20.04489  278.30345  82.25233  12.33
3943288952830000000  196.18765  20.80084  329.29799  82.98073  12.34
3949601107350000000  188.12033  21.38384  264.98020  82.81388  12.30
3955014350990000000  192.17618  21.61724  296.34465  84.45399  10.16
3947878795400000000  188.98668  18.93054  278.64819  81.06292  12.34
3942257198600000000  192.85049  20.12852  302.86271  83.00026  12.34
3944161071710000000  195.46664  21.80978  327.52943  84.17672  11.58
3950444952460000000  184.67949  19.45318  256.84852  79.26634  12.19
3948261494170000000  189.46504  19.17622  280.81220  81.45885  12.09
3943853792570000000  197.69109  22.13874  345.32121  83.35454  11.77
3942456038410000000  194.36407  20.43414  314.86541  83.16601  9.54
3940627000820000000  199.90260  21.71785  354.28367  81.61315  11.17
3943645881790000000  199.21909  21.83705  351.85812  82.16094  9.91
3955109802340000000  191.57536  22.28882  289.10623  85.02208  12.12
3954755106760000000  192.57784  21.21889  300.38336  84.08507  10.03
3951981446940000000  185.37488  19.89981  257.85953  80.03788  12.37
3944043939360000000  195.58273  21.12472  325.99120  83.50306  12.43
3949210441420000000  188.61853  20.40947  272.03627  82.24258  12.46
3944288168380000000  196.23344  22.34558  336.30232  84.32066  10.51
3941998710290000000  193.30322  19.49583  306.07849  82.35673  11.12
3944082525350000000  195.76767  21.34262  328.16823  83.63634  12.25
3942160544660000000  191.61769  19.66367  293.99760  82.44911  12.14
3949515899490000000  187.72269  21.34824  262.82456  82.56255  10.02
3956133958760000000  190.67967  22.85011  277.67480  85.28799  11.64
3949845306310000000  184.08826  18.21571  258.90654  77.97018  11.91
3940566768200000000  199.82542  21.37063  352.21976  81.43108  12.02
3955244011480000000  192.25308  22.78263  295.59174  85.61977  11.04
3972526577620000000  174.02271  15.99841  241.58019  69.28842  11.78
3955246897690000000  192.22490  22.77979  295.25916  85.61367  10.80
3951993163610000000  185.38022  20.11335  257.04076  80.19876  11.65
3950308441220000000  183.73212  18.74533  255.98144  78.13776  12.20
3950446189410000000  184.65352  19.52530  256.48763  79.30238  11.94
3954204972990000000  191.77885  20.02359  294.77398  82.82677  11.60
3954660617480000000  190.94539  21.30759  285.83641  83.92356  11.68
3954550288360000000  190.69078  20.87979  284.88819  83.44546  10.73
3944543873550000000  194.83186  22.69265  325.31893  85.21753  12.41
3954432468820000000  191.73601  21.15586  292.95691  83.94039  11.66
3952128540980000000  185.98085  20.72870  256.99041  81.03268  11.72
3950481854820000000  185.06535  19.83050  256.90123  79.79012  10.99
3954438889790000000  191.85310  21.23108  293.87262  84.03189  11.59
3947857973400000000  188.53156  18.73540  276.65205  80.71116  11.97
3925803861790000000  180.32607  16.76062  252.14673  74.44330  11.84
3947169747840000000  185.45242  18.20629  263.97716  78.76773  11.22
3942777435110000000  194.20181  21.14241  314.77816  83.89028  11.54
3948744656510000000  187.45279  19.28512  269.46662  80.71855  11.39
3946910331810000000  185.99672  17.75775  267.46031  78.69085  8.72
3954299290470000000  191.22609  20.60993  289.68670  83.31301  12.36
3954949033120000000  193.06091  22.02872  305.03181  84.89718  10.63
3942150271100000000  191.36810  19.47682  292.47901  82.22722  12.19
3948839699840000000  186.36226  19.23808  264.47307  80.10894  11.40
3947848902430000000  188.38713  18.55815  276.34467  80.49293  9.03
3942782387210000000  193.98224  21.10127  312.81608  83.88665  11.20
3947771902250000000  187.48872  18.24133  272.70653  79.82875  10.38
3942726758790000000  193.31677  20.81695  306.81471  83.67490  11.28
3949050015800000000  186.66219  20.12769  262.59835  80.99020  12.38
3946944519750000000  185.16162  17.73055  264.25270  78.22017  12.45
3955932958590000000  190.97311  22.60893  281.78683  85.16773  11.97
3944124547310000000  195.11383  21.43646  323.25710  83.94910  12.12
3948327671020000000  188.74937  19.37803  276.11423  81.38077  11.67
3949204973930000000  188.30093  20.23812  270.77457  81.94601  11.52
3943205832330000000  195.91307  20.42222  326.18688  82.73602  12.05
3950240168420000000  184.18044  18.49607  258.33630  78.23933  11.25
3947094740530000000  186.22256  18.39862  266.55412  79.34433  11.60
3943277060060000000  195.55765  20.77103  324.69445  83.18204  12.05
3967314170950000000  172.69043  15.88089  239.81886  68.17176  11.70
3955817402490000000  189.97003  22.86396  270.75446  84.99631  11.58
3943577127950000000  198.32007  21.59244  346.03534  82.55984  12.39
3948449819890000000  190.02591  20.15043  281.94173  82.55589  11.60
3954847225220000000  192.52234  21.60600  299.67796  84.46923  12.31
3949293866860000000  189.19812  20.79125  274.33350  82.83526  12.30
3955395808510000000  189.93510  21.56386  276.72891  83.83139  11.52
3948747237790000000  187.35291  19.31534  268.87136  80.69489  9.57
3940428848210000000  199.14597  20.82810  346.61132  81.47788  12.45
3956202029700000000  190.23010  23.07504  271.93220  85.29959  11.82
3954896703240000000  193.27184  21.89216  307.11759  84.75050  12.44
3926192680890000000  179.67728  16.81602  250.43287  74.02842  12.08
3942826573830000000  194.50005  21.59433  318.39013  84.26808  12.37
3958710702920000000  189.07307  22.65018  264.62854  84.35732  10.62
3942452258840000000  194.00073  20.36222  311.94430  83.15395  11.79
3944248001850000000  196.06633  21.94103  332.96681  84.04952  12.45
3943326679820000000  197.02544  20.91662  335.29606  82.71717  12.43
3954742324940000000  192.44873  20.97344  299.35900  83.83379  11.94
3956489345830000000  193.70474  22.53549  312.59462  85.34367  11.50
3947111061400000000  186.11168  18.51133  265.73979  79.37847  11.87
3942818361850000000  194.15373  21.36414  314.77354  84.11649  11.69
3948712190850000000  188.01393  19.31386  272.26363  81.00864  11.63
3947282104180000000  185.47870  18.40985  263.45684  78.94647  10.83
3949012563690000000  187.21248  20.11445  265.34339  81.28759  11.54
3943614202110000000  199.18228  21.58553  350.38010  82.00924  10.79
3946836561450000000  184.32997  18.07283  260.19336  78.00855  11.81
3950466221140000000  184.93048  19.50224  257.61416  79.46238  11.94
3949617982280000000  188.06802  21.52798  263.97606  82.90081  11.67
3955913339180000000  191.71596  22.80342  289.20733  85.55276  12.18
3954703601510000000  191.34560  21.77153  288.18483  84.46905  10.21
3936093813160000000  190.73099  18.75162  289.33277  81.39770  11.91
3944302187150000000  196.16249  22.48074  336.46755  84.47003  11.36
3947737611240000000  188.25706  18.27198  276.39242  80.18140  11.31
3955117430200000000  191.93307  22.23035  292.98328  85.03036  11.68
3948806027300000000  187.85074  19.91053  269.42771  81.44769  11.96
