# CygOB2_14
# 2460835.56862
# apert     q         sq           u           su         PD          sPD        EVPA        sEVPA       x0     y0    x1       y1      x2     y2     x3      y3
11.0    -0.02937     0.00151    -0.00101     0.00147     0.02939     0.00151   -89.01952     1.47489 1036.39 1076.06 1036.93  976.77 1084.95 1021.78  985.68 1021.32
12.0    -0.02960     0.00153    -0.00106     0.00149     0.02962     0.00153   -88.97133     1.48711 1036.39 1076.06 1036.93  976.77 1084.95 1021.78  985.68 1021.32
13.0    -0.02964     0.00156    -0.00120     0.00152     0.02966     0.00156   -88.83642     1.51409 1036.39 1076.06 1036.93  976.77 1084.95 1021.78  985.68 1021.32
14.0    -0.02934     0.00160    -0.00143     0.00155     0.02938     0.00160   -88.60164     1.56234 1036.39 1076.06 1036.93  976.77 1084.95 1021.78  985.68 1021.32
15.0    -0.02930     0.00164    -0.00169     0.00159     0.02935     0.00164   -88.34838     1.60189 1036.39 1076.06 1036.93  976.77 1084.95 1021.78  985.68 1021.32
16.0    -0.02950     0.00168    -0.00168     0.00163     0.02954     0.00168   -88.37402     1.63485 1036.39 1076.06 1036.93  976.77 1084.95 1021.78  985.68 1021.32
17.0    -0.02923     0.00173    -0.00158     0.00168     0.02927     0.00173   -88.45401     1.69919 1036.39 1076.06 1036.93  976.77 1084.95 1021.78  985.68 1021.32
