# ST_L_107_602
# 2460783.54731
# apert     q         sq           u           su         PD          sPD        EVPA        sEVPA       x0     y0    x1       y1      x2     y2     x3      y3
11.0    -0.00445     0.00058     0.00339     0.00057     0.00560     0.00058    71.33392     2.97747 1040.74 1066.78 1041.33  967.26 1090.13 1012.41  990.80 1011.94
12.0    -0.00442     0.00059     0.00352     0.00057     0.00565     0.00058    70.74861     2.97009 1040.74 1066.78 1041.33  967.26 1090.13 1012.41  990.80 1011.94
13.0    -0.00435     0.00059     0.00366     0.00058     0.00569     0.00059    69.98484     2.97914 1040.74 1066.78 1041.33  967.26 1090.13 1012.41  990.80 1011.94
14.0    -0.00429     0.00060     0.00377     0.00059     0.00571     0.00059    69.33110     3.00023 1040.74 1066.78 1041.33  967.26 1090.13 1012.41  990.80 1011.94
15.0    -0.00422     0.00061     0.00384     0.00059     0.00571     0.00060    68.81731     3.04005 1040.74 1066.78 1041.33  967.26 1090.13 1012.41  990.80 1011.94
16.0    -0.00409     0.00062     0.00389     0.00060     0.00565     0.00061    68.19904     3.11730 1040.74 1066.78 1041.33  967.26 1090.13 1012.41  990.80 1011.94
17.0    -0.00392     0.00063     0.00389     0.00061     0.00552     0.00062    67.64237     3.24229 1040.74 1066.78 1041.33  967.26 1090.13 1012.41  990.80 1011.94
