# BD+40.2704
# 2460835.29556
# apert     q         sq           u           su         PD          sPD        EVPA        sEVPA       x0     y0    x1       y1      x2     y2     x3      y3
11.0     0.00054     0.00116     0.00112     0.00112     0.00125     0.00113    32.07677    61.44223 1041.90 1080.12 1042.38  980.84 1090.38 1025.79  991.12 1025.40
12.0     0.00010     0.00117     0.00103     0.00114     0.00104     0.00114    42.16280    61.44223 1041.90 1080.12 1042.38  980.84 1090.38 1025.79  991.12 1025.40
13.0    -0.00006     0.00118     0.00115     0.00115     0.00115     0.00115    46.57458    61.44223 1041.90 1080.12 1042.38  980.84 1090.38 1025.79  991.12 1025.40
14.0    -0.00003     0.00120     0.00130     0.00117     0.00130     0.00117    45.69737    61.44223 1041.90 1080.12 1042.38  980.84 1090.38 1025.79  991.12 1025.40
15.0    -0.00012     0.00122     0.00122     0.00119     0.00123     0.00119    47.89402    61.44223 1041.90 1080.12 1042.38  980.84 1090.38 1025.79  991.12 1025.40
16.0    -0.00040     0.00125     0.00121     0.00121     0.00128     0.00121    54.05861    61.44223 1041.90 1080.12 1042.38  980.84 1090.38 1025.79  991.12 1025.40
17.0    -0.00055     0.00128     0.00124     0.00123     0.00135     0.00124    56.92925    61.44223 1041.90 1080.12 1042.38  980.84 1090.38 1025.79  991.12 1025.40
