# ST_L_107_602
# 2460834.28255
# apert     q         sq           u           su         PD          sPD        EVPA        sEVPA       x0     y0    x1       y1      x2     y2     x3      y3
10.0    -0.00545     0.00150     0.00319     0.00148     0.00631     0.00149    74.80408     7.05059 1035.13 1081.50 1035.68  982.30 1084.06 1027.31  984.87 1026.94
11.0    -0.00564     0.00157     0.00309     0.00155     0.00643     0.00157    75.65486     7.28191 1035.13 1081.50 1035.68  982.30 1084.06 1027.31  984.87 1026.94
12.0    -0.00607     0.00166     0.00266     0.00164     0.00663     0.00166    78.16194     7.48020 1035.13 1081.50 1035.68  982.30 1084.06 1027.31  984.87 1026.94
13.0    -0.00633     0.00176     0.00194     0.00173     0.00662     0.00176    81.46161     7.99207 1035.13 1081.50 1035.68  982.30 1084.06 1027.31  984.87 1026.94
14.0    -0.00675     0.00187     0.00157     0.00184     0.00693     0.00187    83.43089     8.12988 1035.13 1081.50 1035.68  982.30 1084.06 1027.31  984.87 1026.94
15.0    -0.00693     0.00199     0.00118     0.00196     0.00703     0.00199    85.16095     8.57074 1035.13 1081.50 1035.68  982.30 1084.06 1027.31  984.87 1026.94
16.0    -0.00731     0.00212     0.00042     0.00209     0.00732     0.00212    88.34874     8.80488 1035.13 1081.50 1035.68  982.30 1084.06 1027.31  984.87 1026.94
