# ST_Z_HD121859
# 2460782.53572
# apert     q         sq           u           su         PD          sPD        EVPA        sEVPA       x0     y0    x1       y1      x2     y2     x3      y3
13.0    -0.00067     0.00090    -0.00295     0.00090     0.00302     0.00090   -51.37700     9.06293 1046.87 1074.84 1047.47  975.43 1096.92 1020.33  997.59 1019.83
14.0    -0.00085     0.00090    -0.00277     0.00090     0.00290     0.00090   -53.54802     9.58324 1046.87 1074.84 1047.47  975.43 1096.92 1020.33  997.59 1019.83
15.0    -0.00110     0.00091    -0.00277     0.00091     0.00298     0.00091   -55.79601     9.37336 1046.87 1074.84 1047.47  975.43 1096.92 1020.33  997.59 1019.83
16.0    -0.00128     0.00092    -0.00284     0.00092     0.00311     0.00092   -57.10397     9.05133 1046.87 1074.84 1047.47  975.43 1096.92 1020.33  997.59 1019.83
17.0    -0.00140     0.00093    -0.00286     0.00094     0.00319     0.00093   -58.04181     8.93742 1046.87 1074.84 1047.47  975.43 1096.92 1020.33  997.59 1019.83
18.0    -0.00160     0.00095    -0.00295     0.00095     0.00336     0.00095   -59.24264     8.55246 1046.87 1074.84 1047.47  975.43 1096.92 1020.33  997.59 1019.83
19.0    -0.00172     0.00096    -0.00314     0.00096     0.00358     0.00096   -59.39227     8.10352 1046.87 1074.84 1047.47  975.43 1096.92 1020.33  997.59 1019.83
