# BD+33.2642
# 2460835.30671
# apert     q         sq           u           su         PD          sPD        EVPA        sEVPA       x0     y0    x1       y1      x2     y2     x3      y3
11.0     0.00078     0.00166    -0.00144     0.00163     0.00164     0.00164   -30.80510    61.44223 1038.36 1079.57 1038.86  980.18 1086.61 1025.19  987.23 1024.79
12.0     0.00022     0.00170    -0.00108     0.00167     0.00111     0.00167   -39.23217    61.44223 1038.36 1079.57 1038.86  980.18 1086.61 1025.19  987.23 1024.79
13.0    -0.00030     0.00174    -0.00101     0.00171     0.00106     0.00171   -53.20427    61.44223 1038.36 1079.57 1038.86  980.18 1086.61 1025.19  987.23 1024.79
14.0    -0.00050     0.00179    -0.00074     0.00175     0.00089     0.00176   -62.13831    61.44223 1038.36 1079.57 1038.86  980.18 1086.61 1025.19  987.23 1024.79
15.0    -0.00091     0.00184    -0.00057     0.00181     0.00108     0.00183   -73.97501    61.44223 1038.36 1079.57 1038.86  980.18 1086.61 1025.19  987.23 1024.79
16.0    -0.00142     0.00190    -0.00086     0.00186     0.00166     0.00189   -74.45486    61.44223 1038.36 1079.57 1038.86  980.18 1086.61 1025.19  987.23 1024.79
17.0    -0.00186     0.00197    -0.00060     0.00193     0.00196     0.00196   -81.12548    61.44223 1038.36 1079.57 1038.86  980.18 1086.61 1025.19  987.23 1024.79
