# BD+40.2704
# 2460830.27185
# apert     q         sq           u           su         PD          sPD        EVPA        sEVPA       x0     y0    x1       y1      x2     y2     x3      y3
11.0     0.00176     0.00101    -0.00030     0.00099     0.00178     0.00101    -4.90243    20.53828 1035.70 1079.33 1036.24  979.98 1084.13 1025.04  984.78 1024.59
12.0     0.00156     0.00102    -0.00018     0.00100     0.00157     0.00102    -3.31766    25.30512 1035.70 1079.33 1036.24  979.98 1084.13 1025.04  984.78 1024.59
13.0     0.00137     0.00103     0.00002     0.00101     0.00137     0.00103     0.49666    61.44223 1035.70 1079.33 1036.24  979.98 1084.13 1025.04  984.78 1024.59
14.0     0.00124     0.00104     0.00017     0.00102     0.00126     0.00104     3.97762    61.44223 1035.70 1079.33 1036.24  979.98 1084.13 1025.04  984.78 1024.59
15.0     0.00097     0.00106     0.00042     0.00104     0.00106     0.00106    11.74833    61.44223 1035.70 1079.33 1036.24  979.98 1084.13 1025.04  984.78 1024.59
16.0     0.00066     0.00108     0.00061     0.00105     0.00090     0.00107    21.46772    61.44223 1035.70 1079.33 1036.24  979.98 1084.13 1025.04  984.78 1024.59
17.0     0.00048     0.00110     0.00070     0.00107     0.00084     0.00108    27.84815    61.44223 1035.70 1079.33 1036.24  979.98 1084.13 1025.04  984.78 1024.59
