# BD+33.2642
# 2460835.30791
# apert     q         sq           u           su         PD          sPD        EVPA        sEVPA       x0     y0    x1       y1      x2     y2     x3      y3
11.0     0.00348     0.00165    -0.00212     0.00163     0.00408     0.00164   -15.66753    13.02996 1037.81 1079.96 1038.30  980.57 1086.11 1025.74  986.73 1025.35
12.0     0.00345     0.00169    -0.00167     0.00166     0.00383     0.00168   -12.95056    14.52516 1037.81 1079.96 1038.30  980.57 1086.11 1025.74  986.73 1025.35
13.0     0.00337     0.00173    -0.00150     0.00170     0.00369     0.00172   -11.99686    15.75527 1037.81 1079.96 1038.30  980.57 1086.11 1025.74  986.73 1025.35
14.0     0.00348     0.00178    -0.00120     0.00175     0.00368     0.00177    -9.54792    16.41164 1037.81 1079.96 1038.30  980.57 1086.11 1025.74  986.73 1025.35
15.0     0.00321     0.00183    -0.00085     0.00180     0.00332     0.00183    -7.40544    19.76836 1037.81 1079.96 1038.30  980.57 1086.11 1025.74  986.73 1025.35
16.0     0.00343     0.00189    -0.00117     0.00185     0.00363     0.00189    -9.41678    18.24012 1037.81 1079.96 1038.30  980.57 1086.11 1025.74  986.73 1025.35
17.0     0.00386     0.00196    -0.00106     0.00191     0.00401     0.00195    -7.66700    16.67918 1037.81 1079.96 1038.30  980.57 1086.11 1025.74  986.73 1025.35
