# CygOB2_14
# 2460835.56843
# apert     q         sq           u           su         PD          sPD        EVPA        sEVPA       x0     y0    x1       y1      x2     y2     x3      y3
11.0    -0.02757     0.00151    -0.00206     0.00148     0.02764     0.00151   -87.86730     1.57087 1036.38 1076.70 1036.93  977.43 1084.98 1022.44  985.71 1021.98
12.0    -0.02796     0.00154    -0.00203     0.00150     0.02803     0.00154   -87.92504     1.57465 1036.38 1076.70 1036.93  977.43 1084.98 1022.44  985.71 1021.98
13.0    -0.02802     0.00157    -0.00204     0.00153     0.02809     0.00157   -87.91846     1.60194 1036.38 1076.70 1036.93  977.43 1084.98 1022.44  985.71 1021.98
14.0    -0.02828     0.00160    -0.00224     0.00156     0.02837     0.00160   -87.73252     1.62088 1036.38 1076.70 1036.93  977.43 1084.98 1022.44  985.71 1021.98
15.0    -0.02848     0.00164    -0.00246     0.00160     0.02858     0.00164   -87.53433     1.64900 1036.38 1076.70 1036.93  977.43 1084.98 1022.44  985.71 1021.98
16.0    -0.02870     0.00169    -0.00259     0.00164     0.02882     0.00169   -87.42259     1.68038 1036.38 1076.70 1036.93  977.43 1084.98 1022.44  985.71 1021.98
17.0    -0.02869     0.00174    -0.00281     0.00169     0.02883     0.00174   -87.20695     1.73039 1036.38 1076.70 1036.93  977.43 1084.98 1022.44  985.71 1021.98
