# ST_L_107_602
# 2460783.54774
# apert     q         sq           u           su         PD          sPD        EVPA        sEVPA       x0     y0    x1       y1      x2     y2     x3      y3
11.0    -0.00460     0.00058     0.00424     0.00057     0.00626     0.00057    68.68535     2.64384 1039.88 1065.13 1040.47  965.59 1089.37 1010.69  990.03 1010.21
12.0    -0.00476     0.00058     0.00452     0.00057     0.00656     0.00058    68.25267     2.53898 1039.88 1065.13 1040.47  965.59 1089.37 1010.69  990.03 1010.21
13.0    -0.00484     0.00059     0.00478     0.00058     0.00680     0.00058    67.67631     2.47131 1039.88 1065.13 1040.47  965.59 1089.37 1010.69  990.03 1010.21
14.0    -0.00495     0.00060     0.00499     0.00058     0.00703     0.00059    67.37100     2.41594 1039.88 1065.13 1040.47  965.59 1089.37 1010.69  990.03 1010.21
15.0    -0.00502     0.00060     0.00507     0.00059     0.00714     0.00060    67.36047     2.41084 1039.88 1065.13 1040.47  965.59 1089.37 1010.69  990.03 1010.21
16.0    -0.00493     0.00061     0.00521     0.00060     0.00717     0.00061    66.72413     2.43255 1039.88 1065.13 1040.47  965.59 1089.37 1010.69  990.03 1010.21
17.0    -0.00473     0.00062     0.00534     0.00061     0.00713     0.00062    65.78443     2.48634 1039.88 1065.13 1040.47  965.59 1089.37 1010.69  990.03 1010.21
