# BD+40.2704
# 2460834.28834
# apert     q         sq           u           su         PD          sPD        EVPA        sEVPA       x0     y0    x1       y1      x2     y2     x3      y3
11.0     0.00315     0.00105     0.00117     0.00103     0.00337     0.00104    10.19540     9.51645 1037.64 1084.44 1038.12  985.17 1085.64 1030.28  986.34 1029.89
12.0     0.00286     0.00106     0.00125     0.00104     0.00312     0.00105    11.78618    10.48957 1037.64 1084.44 1038.12  985.17 1085.64 1030.28  986.34 1029.89
13.0     0.00277     0.00107     0.00144     0.00105     0.00313     0.00106    13.70800    10.60523 1037.64 1084.44 1038.12  985.17 1085.64 1030.28  986.34 1029.89
14.0     0.00259     0.00108     0.00168     0.00106     0.00309     0.00108    16.47091    10.90512 1037.64 1084.44 1038.12  985.17 1085.64 1030.28  986.34 1029.89
15.0     0.00252     0.00110     0.00167     0.00108     0.00303     0.00109    16.78341    11.38992 1037.64 1084.44 1038.12  985.17 1085.64 1030.28  986.34 1029.89
16.0     0.00234     0.00112     0.00162     0.00110     0.00284     0.00111    17.39444    12.55992 1037.64 1084.44 1038.12  985.17 1085.64 1030.28  986.34 1029.89
17.0     0.00222     0.00114     0.00163     0.00112     0.00275     0.00114    18.10442    13.39488 1037.64 1084.44 1038.12  985.17 1085.64 1030.28  986.34 1029.89
