# VCyg12
# 2460835.57396
# apert     q         sq           u           su         PD          sPD        EVPA        sEVPA       x0     y0    x1       y1      x2     y2     x3      y3
11.0    -0.03900     0.00080    -0.07200     0.00078     0.08189     0.00079   -59.22167     0.27555 1037.94 1077.32 1038.48  978.31 1086.68 1023.18  987.69 1022.72
12.0    -0.03910     0.00081    -0.07202     0.00079     0.08195     0.00079   -59.24808     0.27661 1037.94 1077.32 1038.48  978.31 1086.68 1023.18  987.69 1022.72
13.0    -0.03920     0.00081    -0.07201     0.00079     0.08199     0.00080   -59.28224     0.27815 1037.94 1077.32 1038.48  978.31 1086.68 1023.18  987.69 1022.72
14.0    -0.03921     0.00082    -0.07202     0.00080     0.08200     0.00080   -59.28208     0.28025 1037.94 1077.32 1038.48  978.31 1086.68 1023.18  987.69 1022.72
15.0    -0.03926     0.00083    -0.07194     0.00080     0.08196     0.00081   -59.31084     0.28299 1037.94 1077.32 1038.48  978.31 1086.68 1023.18  987.69 1022.72
16.0    -0.03936     0.00083    -0.07196     0.00081     0.08202     0.00082   -59.33810     0.28585 1037.94 1077.32 1038.48  978.31 1086.68 1023.18  987.69 1022.72
17.0    -0.03938     0.00084    -0.07197     0.00082     0.08204     0.00083   -59.34457     0.28929 1037.94 1077.32 1038.48  978.31 1086.68 1023.18  987.69 1022.72
