# BD+33.2642
# 2460835.30830
# apert     q         sq           u           su         PD          sPD        EVPA        sEVPA       x0     y0    x1       y1      x2     y2     x3      y3
11.0     0.00213     0.00166    -0.00278     0.00163     0.00350     0.00164   -26.24852    15.80238 1038.04 1079.24 1038.54  979.86 1086.26 1024.86  986.88 1024.46
12.0     0.00211     0.00170    -0.00298     0.00166     0.00365     0.00167   -27.34747    15.38508 1038.04 1079.24 1038.54  979.86 1086.26 1024.86  986.88 1024.46
13.0     0.00252     0.00174    -0.00332     0.00170     0.00417     0.00172   -26.40822    13.37801 1038.04 1079.24 1038.54  979.86 1086.26 1024.86  986.88 1024.46
14.0     0.00268     0.00179    -0.00357     0.00175     0.00446     0.00176   -26.55834    12.71918 1038.04 1079.24 1038.54  979.86 1086.26 1024.86  986.88 1024.46
15.0     0.00282     0.00184    -0.00374     0.00180     0.00468     0.00182   -26.49441    12.43512 1038.04 1079.24 1038.54  979.86 1086.26 1024.86  986.88 1024.46
16.0     0.00276     0.00190    -0.00410     0.00186     0.00494     0.00187   -28.03949    12.08391 1038.04 1079.24 1038.54  979.86 1086.26 1024.86  986.88 1024.46
17.0     0.00245     0.00197    -0.00414     0.00193     0.00480     0.00194   -29.69642    13.02820 1038.04 1079.24 1038.54  979.86 1086.26 1024.86  986.88 1024.46
