# BD+28.4211
# 2460835.58278
# apert     q         sq           u           su         PD          sPD        EVPA        sEVPA       x0     y0    x1       y1      x2     y2     x3      y3
 9.0     0.00318     0.00094    -0.00139     0.00093     0.00347     0.00094   -11.77936     8.17910 1037.05 1083.29 1037.59  983.93 1085.52 1029.15  986.11 1028.69
10.0     0.00298     0.00095    -0.00166     0.00093     0.00341     0.00094   -14.58072     8.35277 1037.05 1083.29 1037.59  983.93 1085.52 1029.15  986.11 1028.69
11.0     0.00302     0.00095    -0.00190     0.00094     0.00357     0.00095   -16.09225     7.97871 1037.05 1083.29 1037.59  983.93 1085.52 1029.15  986.11 1028.69
12.0     0.00321     0.00096    -0.00199     0.00094     0.00377     0.00095   -15.86762     7.55543 1037.05 1083.29 1037.59  983.93 1085.52 1029.15  986.11 1028.69
13.0     0.00319     0.00096    -0.00190     0.00095     0.00371     0.00096   -15.36587     7.77480 1037.05 1083.29 1037.59  983.93 1085.52 1029.15  986.11 1028.69
14.0     0.00333     0.00097    -0.00184     0.00096     0.00380     0.00097   -14.47719     7.66125 1037.05 1083.29 1037.59  983.93 1085.52 1029.15  986.11 1028.69
15.0     0.00347     0.00099    -0.00177     0.00098     0.00389     0.00099   -13.49284     7.59340 1037.05 1083.29 1037.59  983.93 1085.52 1029.15  986.11 1028.69
