# BD+33.2642
# 2460835.30691
# apert     q         sq           u           su         PD          sPD        EVPA        sEVPA       x0     y0    x1       y1      x2     y2     x3      y3
11.0     0.00218     0.00166    -0.00508     0.00163     0.00553     0.00164   -33.37608     9.00633 1038.42 1080.23 1038.93  980.84 1086.72 1025.74  987.33 1025.33
12.0     0.00219     0.00170    -0.00552     0.00167     0.00594     0.00167   -34.16370     8.50852 1038.42 1080.23 1038.93  980.84 1086.72 1025.74  987.33 1025.33
13.0     0.00221     0.00174    -0.00540     0.00171     0.00583     0.00171   -33.87105     8.93109 1038.42 1080.23 1038.93  980.84 1086.72 1025.74  987.33 1025.33
14.0     0.00258     0.00179    -0.00597     0.00175     0.00650     0.00176   -33.31310     8.14992 1038.42 1080.23 1038.93  980.84 1086.72 1025.74  987.33 1025.33
15.0     0.00261     0.00184    -0.00625     0.00180     0.00677     0.00181   -33.66345     8.05148 1038.42 1080.23 1038.93  980.84 1086.72 1025.74  987.33 1025.33
16.0     0.00242     0.00190    -0.00684     0.00186     0.00726     0.00187   -35.24559     7.71117 1038.42 1080.23 1038.93  980.84 1086.72 1025.74  987.33 1025.33
17.0     0.00242     0.00197    -0.00712     0.00193     0.00752     0.00193   -35.60928     7.70344 1038.42 1080.23 1038.93  980.84 1086.72 1025.74  987.33 1025.33
