# Hiltner960
# 2460835.54802
# apert     q         sq           u           su         PD          sPD        EVPA        sEVPA       x0     y0    x1       y1      x2     y2     x3      y3
11.0    -0.01858     0.00095     0.04929     0.00093     0.05268     0.00094    55.32397     0.50863 1038.55 1078.77 1039.10  979.51 1086.79 1024.46  987.52 1024.01
12.0    -0.01853     0.00096     0.04906     0.00094     0.05244     0.00094    55.34608     0.51448 1038.55 1078.77 1039.10  979.51 1086.79 1024.46  987.52 1024.01
13.0    -0.01836     0.00096     0.04862     0.00095     0.05198     0.00095    55.34290     0.52298 1038.55 1078.77 1039.10  979.51 1086.79 1024.46  987.52 1024.01
14.0    -0.01799     0.00097     0.04781     0.00095     0.05108     0.00096    55.31018     0.53615 1038.55 1078.77 1039.10  979.51 1086.79 1024.46  987.52 1024.01
15.0    -0.01789     0.00098     0.04722     0.00096     0.05050     0.00096    55.37299     0.54700 1038.55 1078.77 1039.10  979.51 1086.79 1024.46  987.52 1024.01
16.0    -0.01799     0.00099     0.04704     0.00097     0.05036     0.00097    55.46452     0.55456 1038.55 1078.77 1039.10  979.51 1086.79 1024.46  987.52 1024.01
17.0    -0.01800     0.00100     0.04691     0.00099     0.05025     0.00099    55.49753     0.56379 1038.55 1078.77 1039.10  979.51 1086.79 1024.46  987.52 1024.01
