# BD+40.2704
# 2460829.30593
# apert     q         sq           u           su         PD          sPD        EVPA        sEVPA       x0     y0    x1       y1      x2     y2     x3      y3
11.0     0.00163     0.00104     0.00173     0.00102     0.00237     0.00103    23.35457    14.38699 1038.04 1083.47 1038.54  984.14 1083.33 1029.20  983.93 1028.79
12.0     0.00162     0.00105     0.00163     0.00103     0.00229     0.00104    22.60586    15.21914 1038.04 1083.47 1038.54  984.14 1083.33 1029.20  983.93 1028.79
13.0     0.00140     0.00107     0.00189     0.00105     0.00236     0.00105    26.76719    14.86441 1038.04 1083.47 1038.54  984.14 1083.33 1029.20  983.93 1028.79
14.0     0.00141     0.00108     0.00217     0.00106     0.00259     0.00107    28.48059    13.39207 1038.04 1083.47 1038.54  984.14 1083.33 1029.20  983.93 1028.79
15.0     0.00139     0.00110     0.00243     0.00108     0.00280     0.00108    30.07492    12.34371 1038.04 1083.47 1038.54  984.14 1083.33 1029.20  983.93 1028.79
16.0     0.00135     0.00111     0.00250     0.00109     0.00284     0.00110    30.77606    12.36516 1038.04 1083.47 1038.54  984.14 1083.33 1029.20  983.93 1028.79
17.0     0.00131     0.00114     0.00273     0.00111     0.00303     0.00112    32.17589    11.69262 1038.04 1083.47 1038.54  984.14 1083.33 1029.20  983.93 1028.79
