# BD+40.2704
# 2460834.28899
# apert     q         sq           u           su         PD          sPD        EVPA        sEVPA       x0     y0    x1       y1      x2     y2     x3      y3
11.0     0.00132     0.00104    -0.00048     0.00102     0.00141     0.00104   -10.02166    61.44223 1036.76 1083.83 1037.26  984.57 1084.48 1029.66  985.17 1029.25
12.0     0.00089     0.00105    -0.00058     0.00103     0.00106     0.00104   -16.48979    61.44223 1036.76 1083.83 1037.26  984.57 1084.48 1029.66  985.17 1029.25
13.0     0.00067     0.00106    -0.00062     0.00104     0.00091     0.00105   -21.26431    61.44223 1036.76 1083.83 1037.26  984.57 1084.48 1029.66  985.17 1029.25
14.0     0.00051     0.00107    -0.00063     0.00106     0.00081     0.00106   -25.45883    61.44223 1036.76 1083.83 1037.26  984.57 1084.48 1029.66  985.17 1029.25
15.0     0.00039     0.00109    -0.00072     0.00107     0.00082     0.00108   -30.65921    61.44223 1036.76 1083.83 1037.26  984.57 1084.48 1029.66  985.17 1029.25
16.0     0.00053     0.00111    -0.00079     0.00109     0.00095     0.00110   -28.01645    61.44223 1036.76 1083.83 1037.26  984.57 1084.48 1029.66  985.17 1029.25
17.0     0.00041     0.00113    -0.00073     0.00111     0.00084     0.00112   -30.32393    61.44223 1036.76 1083.83 1037.26  984.57 1084.48 1029.66  985.17 1029.25
