# BD+40.2704
# 2460834.28883
# apert     q         sq           u           su         PD          sPD        EVPA        sEVPA       x0     y0    x1       y1      x2     y2     x3      y3
11.0     0.00195     0.00104    -0.00044     0.00102     0.00200     0.00104    -6.41602    18.25594 1036.49 1083.34 1036.97  984.05 1084.55 1029.26  985.24 1028.85
12.0     0.00174     0.00105    -0.00060     0.00103     0.00184     0.00105    -9.42747    20.75906 1036.49 1083.34 1036.97  984.05 1084.55 1029.26  985.24 1028.85
13.0     0.00145     0.00106    -0.00055     0.00105     0.00156     0.00106   -10.42778    27.30762 1036.49 1083.34 1036.97  984.05 1084.55 1029.26  985.24 1028.85
14.0     0.00114     0.00108    -0.00063     0.00106     0.00130     0.00107   -14.56732    61.44223 1036.49 1083.34 1036.97  984.05 1084.55 1029.26  985.24 1028.85
15.0     0.00107     0.00109    -0.00070     0.00108     0.00127     0.00109   -16.56005    61.44223 1036.49 1083.34 1036.97  984.05 1084.55 1029.26  985.24 1028.85
16.0     0.00085     0.00111    -0.00086     0.00110     0.00121     0.00111   -22.76400    61.44223 1036.49 1083.34 1036.97  984.05 1084.55 1029.26  985.24 1028.85
17.0     0.00073     0.00114    -0.00110     0.00112     0.00132     0.00112   -28.24353    61.44223 1036.49 1083.34 1036.97  984.05 1084.55 1029.26  985.24 1028.85
