# BD+32.3739
# 2460835.56079
# apert     q         sq           u           su         PD          sPD        EVPA        sEVPA       x0     y0    x1       y1      x2     y2     x3      y3
11.0     0.00230     0.00107    -0.00125     0.00106     0.00262     0.00107   -14.26054    13.22191 1029.09 1079.01 1029.64  979.64 1077.68 1024.88  978.21 1024.43
12.0     0.00202     0.00108    -0.00126     0.00107     0.00237     0.00108   -15.96497    15.13969 1029.09 1079.01 1029.64  979.64 1077.68 1024.88  978.21 1024.43
13.0     0.00167     0.00109    -0.00111     0.00108     0.00200     0.00109   -16.86008    19.37531 1029.09 1079.01 1029.64  979.64 1077.68 1024.88  978.21 1024.43
14.0     0.00129     0.00111    -0.00113     0.00109     0.00172     0.00110   -20.62571    24.75035 1029.09 1079.01 1029.64  979.64 1077.68 1024.88  978.21 1024.43
15.0     0.00085     0.00112    -0.00123     0.00111     0.00149     0.00111   -27.78364    61.44223 1029.09 1079.01 1029.64  979.64 1077.68 1024.88  978.21 1024.43
16.0     0.00046     0.00114    -0.00120     0.00112     0.00129     0.00113   -34.53972    61.44223 1029.09 1079.01 1029.64  979.64 1077.68 1024.88  978.21 1024.43
17.0     0.00016     0.00116    -0.00091     0.00114     0.00092     0.00114   -40.06809    61.44223 1029.09 1079.01 1029.64  979.64 1077.68 1024.88  978.21 1024.43
