# Hiltner960
# 2460835.54861
# apert     q         sq           u           su         PD          sPD        EVPA        sEVPA       x0     y0    x1       y1      x2     y2     x3      y3
11.0    -0.01860     0.00095     0.04919     0.00093     0.05259     0.00093    55.35700     0.50735 1037.69 1077.21 1038.23  977.92 1085.71 1022.93  986.42 1022.48
12.0    -0.01861     0.00096     0.04909     0.00093     0.05250     0.00094    55.37826     0.51149 1037.69 1077.21 1038.23  977.92 1085.71 1022.93  986.42 1022.48
13.0    -0.01847     0.00096     0.04890     0.00094     0.05228     0.00094    55.34605     0.51726 1037.69 1077.21 1038.23  977.92 1085.71 1022.93  986.42 1022.48
14.0    -0.01839     0.00097     0.04860     0.00095     0.05197     0.00095    55.36487     0.52405 1037.69 1077.21 1038.23  977.92 1085.71 1022.93  986.42 1022.48
15.0    -0.01817     0.00098     0.04806     0.00096     0.05138     0.00096    55.35539     0.53436 1037.69 1077.21 1038.23  977.92 1085.71 1022.93  986.42 1022.48
16.0    -0.01812     0.00099     0.04781     0.00097     0.05113     0.00097    55.37846     0.54270 1037.69 1077.21 1038.23  977.92 1085.71 1022.93  986.42 1022.48
17.0    -0.01813     0.00100     0.04763     0.00098     0.05097     0.00098    55.42124     0.55191 1037.69 1077.21 1038.23  977.92 1085.71 1022.93  986.42 1022.48
