# Hiltner960
# 2460835.54822
# apert     q         sq           u           su         PD          sPD        EVPA        sEVPA       x0     y0    x1       y1      x2     y2     x3      y3
11.0    -0.01629     0.00095     0.04878     0.00093     0.05143     0.00094    54.23209     0.52158 1038.14 1078.18 1038.70  978.90 1086.53 1023.87  987.24 1023.42
12.0    -0.01629     0.00096     0.04859     0.00094     0.05125     0.00094    54.26731     0.52697 1038.14 1078.18 1038.70  978.90 1086.53 1023.87  987.24 1023.42
13.0    -0.01615     0.00097     0.04810     0.00095     0.05074     0.00095    54.27951     0.53624 1038.14 1078.18 1038.70  978.90 1086.53 1023.87  987.24 1023.42
14.0    -0.01559     0.00097     0.04746     0.00096     0.04995     0.00096    54.09297     0.54881 1038.14 1078.18 1038.70  978.90 1086.53 1023.87  987.24 1023.42
15.0    -0.01531     0.00098     0.04684     0.00096     0.04928     0.00097    54.05198     0.56111 1038.14 1078.18 1038.70  978.90 1086.53 1023.87  987.24 1023.42
16.0    -0.01540     0.00099     0.04643     0.00097     0.04891     0.00098    54.17654     0.57167 1038.14 1078.18 1038.70  978.90 1086.53 1023.87  987.24 1023.42
17.0    -0.01553     0.00101     0.04605     0.00099     0.04860     0.00099    54.31903     0.58365 1038.14 1078.18 1038.70  978.90 1086.53 1023.87  987.24 1023.42
