# BD+33.2642
# 2460830.54333
# apert     q         sq           u           su         PD          sPD        EVPA        sEVPA       x0     y0    x1       y1      x2     y2     x3      y3
11.0     0.00156     0.00168     0.00054     0.00164     0.00165     0.00167     9.61614    61.44223 1037.38 1080.98 1037.89  981.54 1084.23 1027.11  984.71 1026.72
12.0     0.00128     0.00171     0.00014     0.00167     0.00129     0.00171     3.21313    61.44223 1037.38 1080.98 1037.89  981.54 1084.23 1027.11  984.71 1026.72
13.0     0.00100     0.00174     0.00033     0.00171     0.00106     0.00174     9.15199    61.44223 1037.38 1080.98 1037.89  981.54 1084.23 1027.11  984.71 1026.72
14.0     0.00066     0.00179     0.00051     0.00174     0.00084     0.00177    18.85773    61.44223 1037.38 1080.98 1037.89  981.54 1084.23 1027.11  984.71 1026.72
15.0     0.00044     0.00183     0.00032     0.00179     0.00055     0.00182    17.89728    61.44223 1037.38 1080.98 1037.89  981.54 1084.23 1027.11  984.71 1026.72
16.0     0.00028     0.00189     0.00010     0.00184     0.00030     0.00188     9.59074    61.44223 1037.38 1080.98 1037.89  981.54 1084.23 1027.11  984.71 1026.72
17.0    -0.00008     0.00194     0.00016     0.00189     0.00018     0.00190    57.58520    61.44223 1037.38 1080.98 1037.89  981.54 1084.23 1027.11  984.71 1026.72
