# BD+33.2642
# 2460835.30810
# apert     q         sq           u           su         PD          sPD        EVPA        sEVPA       x0     y0    x1       y1      x2     y2     x3      y3
11.0     0.00306     0.00166    -0.00477     0.00163     0.00567     0.00164   -28.63501     8.78098 1038.29 1079.46 1038.78  980.08 1086.78 1025.05  987.41 1024.64
12.0     0.00322     0.00170    -0.00486     0.00166     0.00583     0.00167   -28.23460     8.71383 1038.29 1079.46 1038.78  980.08 1086.78 1025.05  987.41 1024.64
13.0     0.00370     0.00174    -0.00467     0.00170     0.00596     0.00172   -25.81883     8.76516 1038.29 1079.46 1038.78  980.08 1086.78 1025.05  987.41 1024.64
14.0     0.00408     0.00179    -0.00475     0.00175     0.00626     0.00177   -24.69149     8.55492 1038.29 1079.46 1038.78  980.08 1086.78 1025.05  987.41 1024.64
15.0     0.00468     0.00184    -0.00500     0.00180     0.00685     0.00182   -23.45047     8.01352 1038.29 1079.46 1038.78  980.08 1086.78 1025.05  987.41 1024.64
16.0     0.00502     0.00191    -0.00522     0.00186     0.00724     0.00188   -23.06775     7.81348 1038.29 1079.46 1038.78  980.08 1086.78 1025.05  987.41 1024.64
17.0     0.00498     0.00197    -0.00509     0.00193     0.00712     0.00195   -22.82337     8.26945 1038.29 1079.46 1038.78  980.08 1086.78 1025.05  987.41 1024.64
