# HD204827
# 2460835.57678
# apert     q         sq           u           su         PD          sPD        EVPA        sEVPA       x0     y0    x1       y1      x2     y2     x3      y3
13.0    -0.02842     0.00048     0.04368     0.00047     0.05211     0.00048    61.52334     0.26223 1039.10 1083.04 1039.63  983.79 1087.69 1029.07  988.41 1028.61
14.0    -0.02849     0.00048     0.04371     0.00048     0.05218     0.00048    61.54619     0.26238 1039.10 1083.04 1039.63  983.79 1087.69 1029.07  988.41 1028.61
15.0    -0.02859     0.00048     0.04374     0.00048     0.05225     0.00048    61.58425     0.26276 1039.10 1083.04 1039.63  983.79 1087.69 1029.07  988.41 1028.61
16.0    -0.02869     0.00049     0.04372     0.00048     0.05229     0.00048    61.63466     0.26351 1039.10 1083.04 1039.63  983.79 1087.69 1029.07  988.41 1028.61
17.0    -0.02880     0.00049     0.04368     0.00048     0.05232     0.00048    61.70145     0.26451 1039.10 1083.04 1039.63  983.79 1087.69 1029.07  988.41 1028.61
18.0    -0.02889     0.00049     0.04362     0.00048     0.05232     0.00049    61.75480     0.26586 1039.10 1083.04 1039.63  983.79 1087.69 1029.07  988.41 1028.61
19.0    -0.02896     0.00049     0.04356     0.00049     0.05231     0.00049    61.80898     0.26745 1039.10 1083.04 1039.63  983.79 1087.69 1029.07  988.41 1028.61
