# ST_L_107_602
# 2460782.53270
# apert     q         sq           u           su         PD          sPD        EVPA        sEVPA       x0     y0    x1       y1      x2     y2     x3      y3
11.0    -0.00714     0.00056     0.00230     0.00056     0.00750     0.00056    81.05667     2.15613 1042.98 1078.87 1043.61  979.48 1093.29 1024.69  993.96 1024.21
12.0    -0.00737     0.00057     0.00228     0.00057     0.00772     0.00057    81.41893     2.11526 1042.98 1078.87 1043.61  979.48 1093.29 1024.69  993.96 1024.21
13.0    -0.00762     0.00057     0.00226     0.00057     0.00795     0.00057    81.73885     2.07615 1042.98 1078.87 1043.61  979.48 1093.29 1024.69  993.96 1024.21
14.0    -0.00778     0.00058     0.00216     0.00058     0.00807     0.00058    82.22102     2.07435 1042.98 1078.87 1043.61  979.48 1093.29 1024.69  993.96 1024.21
15.0    -0.00796     0.00059     0.00205     0.00059     0.00822     0.00059    82.78742     2.06947 1042.98 1078.87 1043.61  979.48 1093.29 1024.69  993.96 1024.21
16.0    -0.00804     0.00060     0.00204     0.00060     0.00830     0.00060    82.87527     2.08828 1042.98 1078.87 1043.61  979.48 1093.29 1024.69  993.96 1024.21
17.0    -0.00815     0.00062     0.00206     0.00061     0.00841     0.00062    82.90155     2.10270 1042.98 1078.87 1043.61  979.48 1093.29 1024.69  993.96 1024.21
