# HD204827
# 2460835.57618
# apert     q         sq           u           su         PD          sPD        EVPA        sEVPA       x0     y0    x1       y1      x2     y2     x3      y3
13.0    -0.02768     0.00048     0.04305     0.00047     0.05118     0.00048    61.36649     0.26618 1040.14 1084.09 1040.68  984.85 1088.83 1030.06  989.56 1029.61
14.0    -0.02774     0.00048     0.04317     0.00047     0.05131     0.00048    61.36414     0.26599 1040.14 1084.09 1040.68  984.85 1088.83 1030.06  989.56 1029.61
15.0    -0.02778     0.00048     0.04326     0.00048     0.05141     0.00048    61.35198     0.26619 1040.14 1084.09 1040.68  984.85 1088.83 1030.06  989.56 1029.61
16.0    -0.02783     0.00049     0.04331     0.00048     0.05148     0.00048    61.36145     0.26677 1040.14 1084.09 1040.68  984.85 1088.83 1030.06  989.56 1029.61
17.0    -0.02787     0.00049     0.04335     0.00048     0.05154     0.00048    61.36662     0.26766 1040.14 1084.09 1040.68  984.85 1088.83 1030.06  989.56 1029.61
18.0    -0.02788     0.00049     0.04339     0.00048     0.05158     0.00048    61.36157     0.26878 1040.14 1084.09 1040.68  984.85 1088.83 1030.06  989.56 1029.61
19.0    -0.02789     0.00049     0.04340     0.00048     0.05159     0.00049    61.36457     0.27025 1040.14 1084.09 1040.68  984.85 1088.83 1030.06  989.56 1029.61
