# Hiltner960
# 2460835.54881
# apert     q         sq           u           su         PD          sPD        EVPA        sEVPA       x0     y0    x1       y1      x2     y2     x3      y3
11.0    -0.01936     0.00095     0.04962     0.00093     0.05326     0.00093    55.65684     0.50041 1037.11 1076.28 1037.65  976.99 1085.51 1022.14  986.23 1021.67
12.0    -0.01940     0.00096     0.04958     0.00093     0.05324     0.00094    55.68230     0.50391 1037.11 1076.28 1037.65  976.99 1085.51 1022.14  986.23 1021.67
13.0    -0.01937     0.00097     0.04939     0.00094     0.05305     0.00094    55.70509     0.50933 1037.11 1076.28 1037.65  976.99 1085.51 1022.14  986.23 1021.67
14.0    -0.01918     0.00097     0.04897     0.00095     0.05259     0.00095    55.69486     0.51757 1037.11 1076.28 1037.65  976.99 1085.51 1022.14  986.23 1021.67
15.0    -0.01901     0.00098     0.04873     0.00095     0.05231     0.00096    55.65360     0.52465 1037.11 1076.28 1037.65  976.99 1085.51 1022.14  986.23 1021.67
16.0    -0.01889     0.00099     0.04855     0.00096     0.05209     0.00097    55.62959     0.53247 1037.11 1076.28 1037.65  976.99 1085.51 1022.14  986.23 1021.67
17.0    -0.01903     0.00101     0.04864     0.00098     0.05222     0.00098    55.68359     0.53849 1037.11 1076.28 1037.65  976.99 1085.51 1022.14  986.23 1021.67
