# ST_L_107_602
# 2460833.33278
# apert     q         sq           u           su         PD          sPD        EVPA        sEVPA       x0     y0    x1       y1      x2     y2     x3      y3
 9.0    -0.00419     0.00114     0.00645     0.00112     0.00769     0.00113    61.49420     4.26727 1040.50 1078.14 1041.00  978.80 1088.57 1023.67  989.36 1023.27
10.0    -0.00437     0.00117     0.00646     0.00115     0.00780     0.00115    62.02047     4.30629 1040.50 1078.14 1041.00  978.80 1088.57 1023.67  989.36 1023.27
11.0    -0.00414     0.00120     0.00660     0.00118     0.00779     0.00119    61.03043     4.42547 1040.50 1078.14 1041.00  978.80 1088.57 1023.67  989.36 1023.27
12.0    -0.00394     0.00124     0.00651     0.00122     0.00761     0.00122    60.57731     4.67859 1040.50 1078.14 1041.00  978.80 1088.57 1023.67  989.36 1023.27
13.0    -0.00366     0.00128     0.00645     0.00126     0.00741     0.00126    59.78336     4.98129 1040.50 1078.14 1041.00  978.80 1088.57 1023.67  989.36 1023.27
14.0    -0.00346     0.00133     0.00619     0.00131     0.00709     0.00131    59.60474     5.42918 1040.50 1078.14 1041.00  978.80 1088.57 1023.67  989.36 1023.27
15.0    -0.00364     0.00138     0.00603     0.00136     0.00704     0.00137    60.53848     5.70463 1040.50 1078.14 1041.00  978.80 1088.57 1023.67  989.36 1023.27
