# BD+32.3739
# 2460835.56064
# apert     q         sq           u           su         PD          sPD        EVPA        sEVPA       x0     y0    x1       y1      x2     y2     x3      y3
11.0     0.00354     0.00107    -0.00164     0.00105     0.00390     0.00107   -12.43294     8.25926 1028.97 1078.33 1029.52  978.95 1077.33 1024.15  977.85 1023.69
12.0     0.00319     0.00108    -0.00165     0.00106     0.00359     0.00108   -13.71303     9.14695 1028.97 1078.33 1029.52  978.95 1077.33 1024.15  977.85 1023.69
13.0     0.00291     0.00109    -0.00183     0.00107     0.00344     0.00109   -16.08873     9.71719 1028.97 1078.33 1029.52  978.95 1077.33 1024.15  977.85 1023.69
14.0     0.00270     0.00110    -0.00187     0.00109     0.00328     0.00110   -17.33190    10.37672 1028.97 1078.33 1029.52  978.95 1077.33 1024.15  977.85 1023.69
15.0     0.00236     0.00112    -0.00220     0.00110     0.00322     0.00111   -21.49293    10.75957 1028.97 1078.33 1029.52  978.95 1077.33 1024.15  977.85 1023.69
16.0     0.00212     0.00114    -0.00230     0.00112     0.00312     0.00113   -23.67183    11.37059 1028.97 1078.33 1029.52  978.95 1077.33 1024.15  977.85 1023.69
17.0     0.00177     0.00116    -0.00262     0.00114     0.00316     0.00115   -27.96584    11.43422 1028.97 1078.33 1029.52  978.95 1077.33 1024.15  977.85 1023.69
