#Name   JD    P   sP    PA[deg]  sPA[deg]   q        sq       u        su   x0    y0    x1   y1   x2    y2    x3    y3
Mark_1          2460508.28108   0.00771   0.00172   67.09    6.62 -0.00537  0.00173  0.00553  0.00171  1029.33  1084.38  1029.67   984.93  1078.19  1029.23   978.93  1028.96
Mark_1          2460508.28139   0.00843   0.00173   68.17    6.07 -0.00610  0.00175  0.00582  0.00172  1029.24  1084.14  1029.45   984.71  1078.22  1029.17   978.90  1028.93
Mark_1          2460508.28170   0.00692   0.00170   60.26    7.36 -0.00351  0.00173  0.00596  0.00170  1029.73  1084.34  1029.99   984.91  1078.36  1029.10   979.07  1028.86
Mark_1          2460508.28201   0.00866   0.00174   69.67    5.92 -0.00657  0.00176  0.00564  0.00172  1029.84  1084.04  1030.07   984.73  1078.51  1029.24   979.15  1029.00
Mark_1          2460508.28233   0.00593   0.00171   64.54    8.74 -0.00374  0.00172  0.00460  0.00170  1030.89  1083.77  1031.17   984.48  1079.67  1028.82   980.40  1028.55
Mark_1          2460508.28264   0.00733   0.00170   65.20    6.89 -0.00475  0.00172  0.00559  0.00168  1029.92  1083.69  1030.28   984.29  1078.88  1028.48   979.58  1028.24
Mark_1          2460508.28295   0.00507   0.00170   76.83   10.42 -0.00454  0.00170  0.00225  0.00167  1029.71  1083.91  1030.15   984.53  1078.14  1028.90   978.80  1028.60
Mark_1          2460508.28326   0.00819   0.00168   68.36    6.07 -0.00596  0.00170  0.00561  0.00167  1030.33  1084.08  1030.62   984.74  1078.81  1029.00   979.48  1028.74
Mark_1          2460508.28358   0.01042   0.00168   66.33    4.71 -0.00706  0.00170  0.00767  0.00167  1030.76  1084.45  1030.97   984.98  1079.36  1029.41   979.95  1029.22
