#Name   JD    P   sP    PA[deg]  sPA[deg]   q        sq       u        su   x0    y0    x1   y1   x2    y2    x3    y3
Mark_68         2460459.40612   0.00185   0.00206  -14.41   61.44  0.00162  0.00207 -0.00089  0.00201  1034.45  1083.77  1034.87   984.35  1080.43  1029.34   981.05  1029.02
Mark_68         2460459.40645   0.00455   0.00205   15.21   14.99  0.00393  0.00206  0.00230  0.00200  1034.42  1082.68  1034.85   983.24  1080.63  1028.01   981.33  1027.70
Mark_68         2460459.40677   0.00329   0.00204   26.65   23.53  0.00197  0.00207  0.00264  0.00202  1034.46  1083.24  1034.92   983.78  1080.55  1028.68   981.24  1028.40
Mark_68         2460459.40709   0.00427   0.00206   -3.90   16.52  0.00423  0.00206 -0.00058  0.00200  1034.59  1083.23  1035.02   983.79  1080.61  1028.84   981.30  1028.52
Mark_68         2460459.40742   0.00333   0.00206   12.14   23.41  0.00304  0.00207  0.00137  0.00200  1034.23  1083.12  1034.60   983.65  1080.42  1028.83   981.04  1028.48
Mark_68         2460459.40774   0.00621   0.00205  -12.75   10.23  0.00561  0.00206 -0.00267  0.00200  1034.48  1083.14  1034.84   983.71  1080.63  1028.53   981.19  1028.25
Mark_68         2460459.40807   0.00187   0.00203   24.65   61.44  0.00122  0.00206  0.00142  0.00201  1035.14  1082.95  1035.49   983.50  1081.16  1028.46   981.78  1028.11
Mark_68         2460459.40839   0.00184   0.00205  -18.01   61.44  0.00149  0.00207 -0.00108  0.00200  1034.71  1082.68  1035.06   983.22  1080.45  1028.23   981.13  1027.96
Mark_68         2460459.40872   0.00529   0.00206   -8.32   12.47  0.00507  0.00207 -0.00152  0.00201  1034.49  1083.97  1034.93   984.52  1080.72  1029.54   981.40  1029.26
