#Name   JD    P   sP    PA[deg]  sPA[deg]   q        sq       u        su   x0    y0    x1   y1   x2    y2    x3    y3
Mark_72         2460459.35600   0.00407   0.00201   -3.90   16.97  0.00403  0.00201 -0.00055  0.00198  1029.12  1082.23  1029.51   982.83  1075.33  1027.69   975.86  1027.45
Mark_72         2460459.35633   0.00493   0.00203    5.58   13.39  0.00484  0.00203  0.00095  0.00198  1028.74  1082.33  1029.13   982.90  1074.90  1027.54   975.50  1027.23
Mark_72         2460459.35667   0.00404   0.00204   -8.35   17.47  0.00387  0.00204 -0.00116  0.00200  1028.48  1082.75  1028.91   983.36  1074.47  1028.24   975.11  1027.93
Mark_72         2460459.35734   0.00536   0.00204   10.94   12.10  0.00498  0.00204  0.00200  0.00199  1028.77  1082.44  1029.13   983.10  1074.55  1027.65   975.17  1027.31
Mark_72         2460459.35767   0.00808   0.00203   -1.90    7.53  0.00806  0.00203 -0.00054  0.00199  1028.26  1082.51  1028.67   983.14  1074.06  1027.87   974.61  1027.51
Mark_72         2460459.35802   0.00489   0.00202   15.54   13.45  0.00419  0.00203  0.00252  0.00200  1029.47  1082.54  1029.85   983.12  1075.45  1027.85   976.08  1027.58
Mark_72         2460459.35836   0.00619   0.00204    9.42   10.24  0.00586  0.00205  0.00200  0.00201  1029.18  1082.13  1029.53   982.67  1075.20  1027.60   975.75  1027.32
Mark_72         2460459.35869   0.00762   0.00203    7.06    8.04  0.00739  0.00204  0.00186  0.00200  1029.31  1082.48  1029.71   983.10  1075.38  1027.93   975.99  1027.66
Mark_72         2460459.35903   0.00789   0.00204   -5.26    7.79  0.00775  0.00205 -0.00144  0.00200  1028.92  1082.52  1029.33   983.18  1074.85  1027.64   975.39  1027.42
