#Name   JD    P   sP    PA[deg]  sPA[deg]   q        sq       u        su   x0    y0    x1   y1   x2    y2    x3    y3
Mark_243        2460438.30520   0.00337   0.00213  -25.09   24.27  0.00216  0.00216 -0.00259  0.00211  1028.62  1081.39  1029.30   981.88  1074.89  1026.65   975.47  1026.12
Mark_243        2460438.30545   0.00444   0.00214   -2.32   16.38  0.00443  0.00214 -0.00036  0.00210  1030.54  1081.74  1031.13   982.31  1076.38  1027.04   976.96  1026.54
Mark_243        2460438.30571   0.00425   0.00215   74.87   17.52 -0.00367  0.00216  0.00214  0.00211  1029.77  1082.06  1030.43   982.56  1075.21  1027.23   975.85  1026.72
Mark_243        2460438.30596   0.00620   0.00215   17.83   10.84  0.00503  0.00216  0.00361  0.00213  1029.10  1082.25  1029.71   982.76  1074.77  1027.56   975.37  1027.06
Mark_243        2460438.30622   0.00416   0.00219   13.22   18.50  0.00373  0.00220  0.00185  0.00215  1028.65  1082.06  1029.30   982.58  1074.70  1027.56   975.32  1027.03
Mark_243        2460438.30647   0.00173   0.00214   23.65   61.44  0.00117  0.00215  0.00127  0.00212  1028.56  1082.51  1029.21   983.00  1074.61  1027.75   975.17  1027.20
Mark_243        2460438.30672   0.00480   0.00214    7.31   14.76  0.00465  0.00214  0.00121  0.00209  1029.41  1082.23  1030.11   982.78  1075.43  1027.53   975.98  1026.95
Mark_243        2460438.30698   0.00371   0.00211   38.03   20.67  0.00089  0.00216  0.00360  0.00210  1029.35  1081.72  1029.94   982.31  1075.07  1027.12   975.65  1026.60
Mark_243        2460438.30723   0.00476   0.00214   23.69   14.98  0.00322  0.00216  0.00350  0.00212  1028.17  1081.77  1028.76   982.33  1074.18  1027.06   974.75  1026.51
