#Name   JD    P   sP    PA[deg]  sPA[deg]   q        sq       u        su   x0    y0    x1   y1   x2    y2    x3    y3
Mark_263        2460460.40646   0.00345   0.00205  -41.09   22.18  0.00047  0.00212 -0.00342  0.00205  1033.60  1081.82  1033.97   982.30  1081.40  1027.09   982.01  1026.81
Mark_263        2460460.40675   0.00322   0.00209  -20.90   25.39  0.00240  0.00212 -0.00214  0.00206  1033.11  1081.87  1033.43   982.32  1080.85  1027.21   981.50  1026.92
Mark_263        2460460.40704   0.00381   0.00208  -20.87   19.62  0.00284  0.00211 -0.00253  0.00205  1033.32  1082.14  1033.68   982.72  1081.01  1027.47   981.62  1027.22
Mark_263        2460460.40733   0.00135   0.00206  -39.15   61.44  0.00027  0.00211 -0.00132  0.00206  1033.23  1081.86  1033.52   982.38  1080.64  1027.25   981.35  1026.92
Mark_263        2460460.40762   0.00446   0.00213  -17.95   16.26  0.00361  0.00215 -0.00261  0.00209  1033.43  1081.53  1033.92   982.10  1080.99  1026.83   981.60  1026.48
Mark_263        2460460.40819   0.00338   0.00212   -7.94   23.98  0.00326  0.00213 -0.00093  0.00207  1034.56  1081.67  1034.92   982.20  1082.26  1026.90   982.87  1026.57
Mark_263        2460460.40850   0.00167   0.00211  -20.43   61.44  0.00127  0.00213 -0.00110  0.00208  1033.99  1082.04  1034.31   982.61  1081.71  1027.24   982.40  1026.92
Mark_263        2460460.40880   0.00166   0.00216   -0.13   61.44  0.00166  0.00216 -0.00001  0.00208  1034.18  1080.82  1034.64   981.25  1081.92  1026.12   982.57  1025.82
Mark_263        2460460.40909   0.00407   0.00213   -6.78   18.35  0.00396  0.00213 -0.00096  0.00207  1033.77  1082.54  1034.08   982.94  1081.37  1027.80   982.05  1027.48
