#Name   JD    P   sP    PA[deg]  sPA[deg]   q        sq       u        su   x0    y0    x1   y1   x2    y2    x3    y3
Mark_245        2460438.33598   0.00626   0.00116   63.98    5.45 -0.00385  0.00117  0.00493  0.00116  1027.64  1084.12  1028.29   984.71  1073.47  1029.84   974.13  1029.33
Mark_245        2460438.33637   0.00595   0.00119   70.26    5.88 -0.00459  0.00119  0.00378  0.00118  1029.07  1083.71  1029.67   984.34  1075.01  1029.13   975.68  1028.63
Mark_245        2460438.33655   0.00316   0.00120   71.22   12.17 -0.00250  0.00121  0.00192  0.00119  1029.19  1083.77  1029.78   984.45  1075.22  1029.16   975.86  1028.65
Mark_245        2460438.33688   0.00377   0.00123   51.82   10.13 -0.00089  0.00125  0.00366  0.00123  1027.92  1083.38  1028.48   983.93  1074.26  1028.87   974.84  1028.40
Mark_245        2460438.33726   0.00513   0.00121   63.28    7.00 -0.00306  0.00121  0.00412  0.00120  1027.86  1083.97  1028.43   984.53  1073.56  1029.76   974.21  1029.24
Mark_245        2460438.33777   0.00432   0.00119   63.27    8.30 -0.00257  0.00119  0.00347  0.00118  1028.24  1084.80  1028.82   985.37  1074.14  1030.31   974.71  1029.75
Mark_245        2460438.33795   0.00469   0.00121   63.43    7.72 -0.00281  0.00122  0.00375  0.00120  1028.63  1084.21  1029.26   984.83  1074.47  1029.76   975.06  1029.24
Mark_245        2460438.33840   0.00698   0.00117   61.51    4.91 -0.00380  0.00118  0.00585  0.00117  1028.56  1084.61  1029.19   985.27  1074.50  1030.18   975.04  1029.61
Mark_245        2460438.33859   0.00515   0.00118   69.60    6.81 -0.00390  0.00119  0.00336  0.00117  1028.42  1084.31  1029.12   984.90  1074.59  1029.56   975.20  1029.01
