#Name   JD    P   sP    PA[deg]  sPA[deg]   q        sq       u        su   x0    y0    x1   y1   x2    y2    x3    y3
Mark_35         2460438.30932   0.00758   0.00227   11.90    9.13  0.00693  0.00228  0.00306  0.00222  1027.90  1081.73  1028.44   982.29  1073.96  1027.11   974.50  1026.58
Mark_35         2460438.30961   0.00705   0.00224   16.56    9.77  0.00591  0.00226  0.00385  0.00220  1028.46  1082.20  1029.12   982.73  1074.59  1027.67   975.15  1027.13
Mark_35         2460438.30990   0.00565   0.00224   -3.37   12.77  0.00561  0.00224 -0.00066  0.00219  1028.40  1081.94  1028.99   982.47  1074.30  1027.20   974.89  1026.68
Mark_35         2460438.31019   0.00486   0.00225    1.18   15.56  0.00485  0.00225  0.00020  0.00220  1028.49  1082.32  1029.07   982.92  1074.07  1027.87   974.68  1027.26
Mark_35         2460438.31047   0.00392   0.00223    3.48   20.69  0.00389  0.00223  0.00047  0.00218  1028.11  1082.51  1028.70   983.12  1074.06  1028.01   974.63  1027.43
Mark_35         2460438.31076   0.00441   0.00218   33.92   17.01  0.00166  0.00224  0.00408  0.00217  1028.52  1081.75  1029.18   982.31  1074.26  1027.29   974.79  1026.73
Mark_35         2460438.31105   0.00320   0.00217   49.61   27.23 -0.00051  0.00222  0.00315  0.00217  1028.10  1082.19  1028.73   982.78  1073.86  1027.51   974.38  1027.04
Mark_35         2460438.31134   0.00943   0.00222    4.55    7.01  0.00931  0.00222  0.00149  0.00216  1027.88  1082.14  1028.47   982.72  1073.96  1027.56   974.49  1027.07
Mark_35         2460438.31163   0.00167   0.00222   -2.55   61.44  0.00167  0.00222 -0.00015  0.00215  1027.94  1081.89  1028.53   982.49  1073.71  1027.28   974.28  1026.76
