#Name   JD    P   sP    PA[deg]  sPA[deg]   q        sq       u        su   x0    y0    x1   y1   x2    y2    x3    y3
Mark_55         2460438.32174   0.00488   0.00184    1.26   11.99  0.00488  0.00184  0.00022  0.00180  1030.60  1081.84  1031.15   982.43  1076.67  1027.36   977.15  1026.80
Mark_55         2460438.32197   0.00186   0.00182   72.13   61.44 -0.00151  0.00183  0.00109  0.00179  1030.23  1081.17  1030.87   981.72  1076.06  1026.60   976.63  1026.08
Mark_55         2460438.32220   0.00604   0.00181   31.41    9.13  0.00276  0.00183  0.00537  0.00180  1030.14  1080.38  1030.77   980.92  1075.69  1025.80   976.34  1025.29
Mark_55         2460438.32243   0.00316   0.00180   40.89   20.66  0.00045  0.00184  0.00313  0.00179  1033.16  1081.41  1033.77   982.04  1079.13  1027.02   979.73  1026.47
Mark_55         2460438.32266   0.00303   0.00181   27.84   22.33  0.00171  0.00184  0.00250  0.00180  1032.96  1080.96  1033.52   981.46  1078.82  1026.39   979.48  1025.84
Mark_55         2460438.32289   0.00433   0.00180   29.86   13.51  0.00218  0.00184  0.00374  0.00178  1032.71  1080.37  1033.36   980.90  1078.69  1025.63   979.23  1025.11
Mark_55         2460438.32313   0.00301   0.00182   12.28   22.73  0.00273  0.00183  0.00125  0.00178  1032.88  1081.62  1033.54   982.18  1078.67  1027.25   979.29  1026.71
Mark_55         2460438.32336   0.00198   0.00180   24.00   61.44  0.00132  0.00183  0.00147  0.00178  1033.10  1080.99  1033.71   981.51  1079.00  1026.42   979.62  1025.86
Mark_55         2460438.32359   0.00565   0.00179   47.46    9.77 -0.00049  0.00185  0.00563  0.00179  1032.66  1080.47  1033.29   981.07  1078.65  1025.84   979.32  1025.35
