# HD155197
# 2460830.51942
# apert     q         sq           u           su         PD          sPD        EVPA        sEVPA       x0     y0    x1       y1      x2     y2     x3      y3
13.0    -0.03439     0.00086    -0.02181     0.00084     0.04072     0.00085   -73.80462     0.59843 1036.11 1079.00 1036.60  979.61 1084.25 1024.71  984.84 1024.28
14.0    -0.03447     0.00086    -0.02185     0.00085     0.04081     0.00086   -73.81667     0.60144 1036.11 1079.00 1036.60  979.61 1084.25 1024.71  984.84 1024.28
15.0    -0.03445     0.00087    -0.02173     0.00085     0.04073     0.00086   -73.87576     0.60805 1036.11 1079.00 1036.60  979.61 1084.25 1024.71  984.84 1024.28
16.0    -0.03440     0.00088    -0.02158     0.00086     0.04061     0.00087   -73.95107     0.61628 1036.11 1079.00 1036.60  979.61 1084.25 1024.71  984.84 1024.28
17.0    -0.03430     0.00089    -0.02154     0.00087     0.04051     0.00088   -73.93642     0.62528 1036.11 1079.00 1036.60  979.61 1084.25 1024.71  984.84 1024.28
18.0    -0.03428     0.00090    -0.02164     0.00088     0.04054     0.00090   -73.86727     0.63328 1036.11 1079.00 1036.60  979.61 1084.25 1024.71  984.84 1024.28
19.0    -0.03444     0.00092    -0.02172     0.00090     0.04072     0.00091   -73.88243     0.64023 1036.11 1079.00 1036.60  979.61 1084.25 1024.71  984.84 1024.28
