# ST_L_107_602
# 2460834.28394
# apert     q         sq           u           su         PD          sPD        EVPA        sEVPA       x0     y0    x1       y1      x2     y2     x3      y3
10.0    -0.00606     0.00148     0.00255     0.00145     0.00658     0.00147    78.57665     6.64699 1032.59 1077.33 1033.12  978.04 1081.54 1023.05  982.31 1022.67
11.0    -0.00627     0.00156     0.00256     0.00152     0.00677     0.00155    78.90641     6.80660 1032.59 1077.33 1033.12  978.04 1081.54 1023.05  982.31 1022.67
12.0    -0.00669     0.00165     0.00317     0.00161     0.00740     0.00164    77.30722     6.56578 1032.59 1077.33 1033.12  978.04 1081.54 1023.05  982.31 1022.67
13.0    -0.00648     0.00175     0.00307     0.00170     0.00717     0.00174    77.33085     7.24500 1032.59 1077.33 1033.12  978.04 1081.54 1023.05  982.31 1022.67
14.0    -0.00614     0.00186     0.00256     0.00181     0.00665     0.00185    78.66760     8.42871 1032.59 1077.33 1033.12  978.04 1081.54 1023.05  982.31 1022.67
15.0    -0.00619     0.00198     0.00290     0.00193     0.00683     0.00197    77.44985     8.77746 1032.59 1077.33 1033.12  978.04 1081.54 1023.05  982.31 1022.67
16.0    -0.00590     0.00212     0.00323     0.00206     0.00673     0.00210    75.64636     9.59344 1032.59 1077.33 1033.12  978.04 1081.54 1023.05  982.31 1022.67
