# ST_L_107_602
# 2460834.28301
# apert     q         sq           u           su         PD          sPD        EVPA        sEVPA       x0     y0    x1       y1      x2     y2     x3      y3
10.0    -0.00193     0.00149     0.00485     0.00147     0.00522     0.00147    55.84304     8.56125 1034.26 1080.54 1034.79  981.33 1083.04 1026.31  983.84 1025.94
11.0    -0.00271     0.00157     0.00536     0.00154     0.00601     0.00155    58.39788     7.72875 1034.26 1080.54 1034.79  981.33 1083.04 1026.31  983.84 1025.94
12.0    -0.00343     0.00165     0.00532     0.00163     0.00633     0.00163    61.40323     7.74211 1034.26 1080.54 1034.79  981.33 1083.04 1026.31  983.84 1025.94
13.0    -0.00438     0.00175     0.00502     0.00172     0.00667     0.00173    65.56274     7.81313 1034.26 1080.54 1034.79  981.33 1083.04 1026.31  983.84 1025.94
14.0    -0.00529     0.00186     0.00489     0.00183     0.00720     0.00184    68.62571     7.67777 1034.26 1080.54 1034.79  981.33 1083.04 1026.31  983.84 1025.94
15.0    -0.00650     0.00198     0.00470     0.00194     0.00802     0.00197    72.07466     7.33008 1034.26 1080.54 1034.79  981.33 1083.04 1026.31  983.84 1025.94
16.0    -0.00637     0.00211     0.00428     0.00207     0.00767     0.00210    73.05227     8.26523 1034.26 1080.54 1034.79  981.33 1083.04 1026.31  983.84 1025.94
