# VCyg12
# 2460835.57352
# apert     q         sq           u           su         PD          sPD        EVPA        sEVPA       x0     y0    x1       y1      x2     y2     x3      y3
11.0    -0.03861     0.00080    -0.07249     0.00078     0.08214     0.00078   -59.02001     0.27377 1037.15 1078.18 1037.69  979.20 1086.20 1024.10  987.20 1023.65
12.0    -0.03869     0.00080    -0.07254     0.00078     0.08221     0.00079   -59.03720     0.27492 1037.15 1078.18 1037.69  979.20 1086.20 1024.10  987.20 1023.65
13.0    -0.03885     0.00081    -0.07257     0.00079     0.08232     0.00079   -59.08203     0.27633 1037.15 1078.18 1037.69  979.20 1086.20 1024.10  987.20 1023.65
14.0    -0.03894     0.00082    -0.07262     0.00080     0.08240     0.00080   -59.10231     0.27822 1037.15 1078.18 1037.69  979.20 1086.20 1024.10  987.20 1023.65
15.0    -0.03897     0.00082    -0.07265     0.00080     0.08244     0.00081   -59.10493     0.28067 1037.15 1078.18 1037.69  979.20 1086.20 1024.10  987.20 1023.65
16.0    -0.03908     0.00083    -0.07267     0.00081     0.08251     0.00082   -59.13309     0.28344 1037.15 1078.18 1037.69  979.20 1086.20 1024.10  987.20 1023.65
17.0    -0.03908     0.00084    -0.07264     0.00082     0.08249     0.00083   -59.14060     0.28698 1037.15 1078.18 1037.69  979.20 1086.20 1024.10  987.20 1023.65
