# BD+40.2704
# 2460780.43931
# apert     q         sq           u           su         PD          sPD        EVPA        sEVPA       x0     y0    x1       y1      x2     y2     x3      y3
11.0     0.00430     0.00123    -0.00040     0.00121     0.00432     0.00123    -2.65437     8.63262 1038.29 1079.55 1039.01  980.11 1086.24 1025.54  986.79 1024.92
12.0     0.00389     0.00125    -0.00036     0.00123     0.00390     0.00125    -2.62447     9.82828 1038.29 1079.55 1039.01  980.11 1086.24 1025.54  986.79 1024.92
13.0     0.00368     0.00126    -0.00037     0.00125     0.00370     0.00126    -2.88885    10.65445 1038.29 1079.55 1039.01  980.11 1086.24 1025.54  986.79 1024.92
14.0     0.00353     0.00129    -0.00040     0.00127     0.00355     0.00129    -3.23525    11.42402 1038.29 1079.55 1039.01  980.11 1086.24 1025.54  986.79 1024.92
15.0     0.00335     0.00131     0.00001     0.00130     0.00335     0.00131     0.11204    12.53531 1038.29 1079.55 1039.01  980.11 1086.24 1025.54  986.79 1024.92
16.0     0.00320     0.00134    -0.00001     0.00133     0.00320     0.00134    -0.05910    13.69230 1038.29 1079.55 1039.01  980.11 1086.24 1025.54  986.79 1024.92
17.0     0.00314     0.00137    -0.00011     0.00136     0.00314     0.00137    -1.02203    14.41863 1038.29 1079.55 1039.01  980.11 1086.24 1025.54  986.79 1024.92
