# BD+33.2642
# 2460830.54208
# apert     q         sq           u           su         PD          sPD        EVPA        sEVPA       x0     y0    x1       y1      x2     y2     x3      y3
11.0    -0.00031     0.00168    -0.00101     0.00164     0.00106     0.00165   -53.39571    61.44223 1036.91 1080.21 1037.41  980.76 1083.57 1026.31  984.03 1025.89
12.0    -0.00037     0.00171    -0.00040     0.00167     0.00054     0.00169   -66.17312    61.44223 1036.91 1080.21 1037.41  980.76 1083.57 1026.31  984.03 1025.89
13.0    -0.00048     0.00174    -0.00024     0.00171     0.00054     0.00174   -77.05416    61.44223 1036.91 1080.21 1037.41  980.76 1083.57 1026.31  984.03 1025.89
14.0    -0.00067     0.00178     0.00001     0.00175     0.00067     0.00178    89.46842    61.44223 1036.91 1080.21 1037.41  980.76 1083.57 1026.31  984.03 1025.89
15.0    -0.00071     0.00183     0.00027     0.00179     0.00075     0.00183    79.58217    61.44223 1036.91 1080.21 1037.41  980.76 1083.57 1026.31  984.03 1025.89
16.0    -0.00068     0.00188     0.00022     0.00184     0.00072     0.00188    81.01781    61.44223 1036.91 1080.21 1037.41  980.76 1083.57 1026.31  984.03 1025.89
17.0    -0.00078     0.00194     0.00008     0.00190     0.00078     0.00194    87.10641    61.44223 1036.91 1080.21 1037.41  980.76 1083.57 1026.31  984.03 1025.89
