# BD+40.2704
# 2460834.28867
# apert     q         sq           u           su         PD          sPD        EVPA        sEVPA       x0     y0    x1       y1      x2     y2     x3      y3
11.0     0.00255     0.00104     0.00264     0.00102     0.00367     0.00103    22.98524     8.53242 1037.28 1084.44 1037.77  985.17 1085.16 1030.44  985.87 1030.03
12.0     0.00255     0.00105     0.00281     0.00103     0.00379     0.00104    23.84733     8.30355 1037.28 1084.44 1037.77  985.17 1085.16 1030.44  985.87 1030.03
13.0     0.00277     0.00107     0.00287     0.00105     0.00399     0.00106    22.99880     7.94848 1037.28 1084.44 1037.77  985.17 1085.16 1030.44  985.87 1030.03
14.0     0.00289     0.00108     0.00275     0.00106     0.00398     0.00107    21.79473     8.09684 1037.28 1084.44 1037.77  985.17 1085.16 1030.44  985.87 1030.03
15.0     0.00310     0.00110     0.00260     0.00108     0.00404     0.00109    19.99797     8.11301 1037.28 1084.44 1037.77  985.17 1085.16 1030.44  985.87 1030.03
16.0     0.00329     0.00112     0.00248     0.00110     0.00412     0.00111    18.49073     8.11863 1037.28 1084.44 1037.77  985.17 1085.16 1030.44  985.87 1030.03
17.0     0.00362     0.00114     0.00218     0.00112     0.00422     0.00113    15.54982     8.08594 1037.28 1084.44 1037.77  985.17 1085.16 1030.44  985.87 1030.03
