# CygOB2_14
# 2460835.56902
# apert     q         sq           u           su         PD          sPD        EVPA        sEVPA       x0     y0    x1       y1      x2     y2     x3      y3
11.0    -0.02937     0.00151     0.00081     0.00148     0.02938     0.00151    89.20947     1.47604 1036.95 1075.22 1037.49  975.91 1085.73 1020.90  986.46 1020.44
12.0    -0.02953     0.00154     0.00109     0.00150     0.02955     0.00154    88.93956     1.49190 1036.95 1075.22 1037.49  975.91 1085.73 1020.90  986.46 1020.44
13.0    -0.02963     0.00157     0.00173     0.00153     0.02968     0.00157    88.33256     1.51387 1036.95 1075.22 1037.49  975.91 1085.73 1020.90  986.46 1020.44
14.0    -0.02954     0.00160     0.00220     0.00156     0.02962     0.00160    87.86735     1.55021 1036.95 1075.22 1037.49  975.91 1085.73 1020.90  986.46 1020.44
15.0    -0.02956     0.00164     0.00248     0.00160     0.02966     0.00164    87.59915     1.58687 1036.95 1075.22 1037.49  975.91 1085.73 1020.90  986.46 1020.44
16.0    -0.02901     0.00168     0.00289     0.00164     0.02916     0.00168    87.16045     1.65850 1036.95 1075.22 1037.49  975.91 1085.73 1020.90  986.46 1020.44
17.0    -0.02900     0.00173     0.00318     0.00169     0.02918     0.00173    86.87494     1.70613 1036.95 1075.22 1037.49  975.91 1085.73 1020.90  986.46 1020.44
