# BD+40.2704
# 2460833.32351
# apert     q         sq           u           su         PD          sPD        EVPA        sEVPA       x0     y0    x1       y1      x2     y2     x3      y3
11.0     0.00277     0.00102    -0.00302     0.00100     0.00410     0.00101   -23.72852     7.34871 1041.74 1084.26 1042.21  984.99 1089.76 1030.05  990.52 1029.64
12.0     0.00252     0.00103    -0.00319     0.00101     0.00407     0.00101   -25.85682     7.44996 1041.74 1084.26 1042.21  984.99 1089.76 1030.05  990.52 1029.64
13.0     0.00248     0.00104    -0.00332     0.00101     0.00414     0.00102   -26.61764     7.38527 1041.74 1084.26 1042.21  984.99 1089.76 1030.05  990.52 1029.64
14.0     0.00245     0.00105    -0.00335     0.00103     0.00415     0.00103   -26.92032     7.45805 1041.74 1084.26 1042.21  984.99 1089.76 1030.05  990.52 1029.64
15.0     0.00261     0.00106    -0.00356     0.00104     0.00442     0.00105   -26.86793     7.07537 1041.74 1084.26 1042.21  984.99 1089.76 1030.05  990.52 1029.64
16.0     0.00284     0.00108    -0.00372     0.00106     0.00468     0.00107   -26.33099     6.76582 1041.74 1084.26 1042.21  984.99 1089.76 1030.05  990.52 1029.64
17.0     0.00292     0.00110    -0.00390     0.00108     0.00487     0.00109   -26.57258     6.60270 1041.74 1084.26 1042.21  984.99 1089.76 1030.05  990.52 1029.64
