# BD+33.2642
# 2460830.54228
# apert     q         sq           u           su         PD          sPD        EVPA        sEVPA       x0     y0    x1       y1      x2     y2     x3      y3
11.0    -0.00025     0.00167     0.00024     0.00165     0.00034     0.00166    67.91307    61.44223 1036.41 1080.69 1036.92  981.27 1083.30 1027.01  983.76 1026.59
12.0    -0.00074     0.00170    -0.00004     0.00168     0.00074     0.00170   -88.62956    61.44223 1036.41 1080.69 1036.92  981.27 1083.30 1027.01  983.76 1026.59
13.0    -0.00159     0.00173     0.00005     0.00171     0.00159     0.00173    89.12936    61.44223 1036.41 1080.69 1036.92  981.27 1083.30 1027.01  983.76 1026.59
14.0    -0.00255     0.00177     0.00045     0.00175     0.00259     0.00177    84.98654    27.58219 1036.41 1080.69 1036.92  981.27 1083.30 1027.01  983.76 1026.59
15.0    -0.00310     0.00182     0.00073     0.00180     0.00319     0.00182    83.34657    20.80898 1036.41 1080.69 1036.92  981.27 1083.30 1027.01  983.76 1026.59
16.0    -0.00375     0.00187     0.00073     0.00185     0.00383     0.00187    84.48194    16.75617 1036.41 1080.69 1036.92  981.27 1083.30 1027.01  983.76 1026.59
17.0    -0.00445     0.00193     0.00094     0.00191     0.00454     0.00193    84.02463    13.90254 1036.41 1080.69 1036.92  981.27 1083.30 1027.01  983.76 1026.59
