# BD+40.2704
# 2460835.29495
# apert     q         sq           u           su         PD          sPD        EVPA        sEVPA       x0     y0    x1       y1      x2     y2     x3      y3
11.0     0.00117     0.00115    -0.00116     0.00113     0.00165     0.00114   -22.36947    27.94922 1041.42 1081.62 1041.90  982.36 1089.78 1027.40  990.52 1026.98
12.0     0.00090     0.00117    -0.00106     0.00114     0.00139     0.00115   -24.91748    61.44223 1041.42 1081.62 1041.90  982.36 1089.78 1027.40  990.52 1026.98
13.0     0.00062     0.00118    -0.00099     0.00116     0.00117     0.00116   -29.07779    61.44223 1041.42 1081.62 1041.90  982.36 1089.78 1027.40  990.52 1026.98
14.0     0.00060     0.00120    -0.00093     0.00118     0.00110     0.00118   -28.63091    61.44223 1041.42 1081.62 1041.90  982.36 1089.78 1027.40  990.52 1026.98
15.0     0.00050     0.00122    -0.00087     0.00119     0.00100     0.00120   -30.11724    61.44223 1041.42 1081.62 1041.90  982.36 1089.78 1027.40  990.52 1026.98
16.0     0.00042     0.00124    -0.00071     0.00122     0.00082     0.00122   -29.71867    61.44223 1041.42 1081.62 1041.90  982.36 1089.78 1027.40  990.52 1026.98
17.0     0.00001     0.00127    -0.00070     0.00124     0.00070     0.00124   -44.57513    61.44223 1041.42 1081.62 1041.90  982.36 1089.78 1027.40  990.52 1026.98
