#GID   RA    DEC     l     b
121186251764322816  5973  190.47144  10.23522  294.88942  72.95764
121290293052048512  6159  178.53297  9.89269  262.12423  68.09884
121378833801685888  6305  175.14882  12.80611  250.27077  68.09265
121386569038824192  6311  180.30721  12.37780  261.90469  71.13199
121386981355683072  14624  180.26459  13.00825  260.60400  71.60799
121387251937686656  6347  181.79521  12.98527  264.54909  72.47191
121387324953067520  6257  181.89957  13.51694  263.80508  72.96603
121387462392021888  6217  184.00041  14.89893  267.16012  75.25027
121387496751759232  6348  184.43457  15.14451  268.05273  75.68152
121387496751759872  6383  181.29042  13.47290  262.27300  72.58264
121387496751760000  6389  177.72185  13.58739  253.68785  70.42199
121388321385478272  6593  177.16081  14.28425  251.06075  70.52843
121389249098409344  6579  178.22241  13.74423  254.42375  70.87110
121389695775010688  48731  178.46402  14.02961  254.34458  71.23961
121390486049061248  6386  178.63901  14.15120  254.46855  71.44459
121390550472589184  6417  178.15923  14.21481  253.28515  71.16788
121390623488012160  10342  178.10310  14.45865  252.63180  71.30295
121390657847687936  6478  178.84620  15.11148  252.77883  72.27264
121390657847688192  6532  176.59803  14.12402  250.29360  70.02217
121390864006118528  6798  176.29734  14.26332  249.41731  69.90284
121392062300963584  6875  177.27109  15.23133  249.16075  71.25062
121392238395650688  6908  178.19278  15.43605  250.58765  72.04451
121392375834602112  48868  176.34153  15.72896  246.19747  70.89490
121392478913818880  6817  177.25763  16.13250  246.98229  71.83084
121392513273556992  6715  177.31179  16.24264  246.81704  71.94128
121392856870938752  6902  179.27525  15.18403  253.58504  72.61563
121393578425442816  6882  178.91894  15.64683  251.67113  72.69738
121393750224130688  6910  181.17688  16.26892  255.62563  74.66461
121393784583875456  48739  182.63173  16.80928  258.30319  75.99814
121399866257556864  48738  178.48457  15.90843  250.07367  72.57147
121401137567874688  7018  178.35460  15.98350  249.60815  72.52947
121403061713265920  7056  179.76853  17.35202  249.17728  74.45105
121406738205233152  7081  192.18956  12.17473  300.39551  75.03328
121406905707934464  7104  191.80705  11.95804  299.00276  74.79766
121407013083143936  7136  193.98794  16.22774  308.64477  79.04939
121412854238659712  7126  189.21235  15.22280  286.29474  77.62080
121412854238885120  7152  189.43873  15.57577  286.85875  78.01836
121414812743740928  48866  191.66157  16.57776  296.68366  79.39133
121417698961765504  7095  193.11435  16.12243  304.21428  78.99164
121420172862923904  7107  193.05108  17.07392  303.98093  79.94410
121427113530073600  14627  189.78790  16.47982  287.34188  78.97788
121427250969025536  6482  189.24287  17.08946  283.76317  79.41884
121427560206668544  6473  189.75813  17.43717  285.82408  79.89443
121428552343102592  6491  190.09306  18.33997  286.18814  80.84990
124430219086983424  47621  200.11294  19.69094  346.26418  80.02429
136610338318092544  6591  199.13388  19.78542  342.32333  80.67417
140803905729730688  6709  199.18474  19.81529  342.67001  80.66918
143652710294349696  48724  198.99034  21.38170  348.44028  81.98626
144786577364287104  6920  192.79967  19.16147  302.52432  82.03303
145146736141501184  7349  193.00606  20.16966  304.06747  83.04011
145184914105608704  7519  193.44192  20.65085  307.75260  83.50078
145185876179202432  7422  193.32370  21.24486  307.14591  84.10141
145227760700173568  683  193.65800  21.58508  310.57622  84.40936
145498859038429312  680  197.42780  20.13399  334.77424  81.85136
145674574739951872  684  198.11437  20.84157  341.40444  82.09217
145727729255780736  687  196.58817  21.15319  333.37560  83.12530
145869325736739712  693  195.06468  21.55438  323.21882  84.07551
146045174580727552  690  196.26442  21.49398  332.49395  83.56878
146063492616811776  674  195.74755  22.63746  333.81148  84.80140
146100115802055168  672  196.59431  22.61599  340.63930  84.35806
146107266922944128  669  186.88771  17.83423  271.03718  79.19624
146125889903821056  668  184.11822  16.02839  265.00242  76.25372
146189764657138944  682  184.77628  16.54763  265.99458  77.03866
146197766178478592  689  183.80652  16.90749  261.73843  76.78630
146239551916619904  681  184.74679  18.45012  260.52259  78.55128
146255941511802752  675  188.78232  18.37716  278.86127  80.47764
146282291135216256  670  187.47283  17.90982  273.49360  79.52834
146283326223247488  673  187.02134  18.33064  270.28319  79.68968
146288372808929152  181  187.39404  18.82831  270.59416  80.29760
146409701341019008  201  187.35291  19.31534  268.87138  80.69489
146424299933806336  20936  187.53604  19.34181  269.70209  80.80776
146425678619163392  20908  187.72158  19.89165  268.80332  81.36768
146458526528879488  203  185.83597  19.65975  260.67970  80.13941
146460107076846592  202  187.02417  20.35439  263.45670  81.37677
146461859423498240  182  187.43029  20.89597  263.27926  82.03792
146483849657244928  200  183.03863  20.54198  247.10607  78.86877
146554695141049600  676  186.65694  20.95221  259.09761  81.62291
146669495322321024  679  184.83557  21.14704  250.47166  80.55019
146677879098433152  165  187.89016  21.57676  262.68023  82.83856
146698078328904064  703  187.92179  22.12346  259.98729  83.27896
146841775050361472  707  192.06844  20.87922  296.17114  83.70939
146848750077282816  699  191.62799  21.05262  292.19166  83.82138
146870809029212032  697  192.45813  21.64085  299.03634  84.50045
146907092912873600  700  193.52082  21.73505  309.44168  84.57333
146921111686142464  694  191.96261  21.63660  294.28261  84.44800
146951348256485376  701  192.57256  22.86312  299.38150  85.72695
146953066243274240  705  189.78009  21.06252  277.42218  83.31545
147041645648655488  706  188.78413  21.88129  266.81412  83.57620
147052022289786368  704  189.75887  22.65941  270.08099  84.72042
147082258859463680  720  195.62740  23.49953  338.12157  85.59266
147169944911537664  716  191.99720  24.09562  288.36307  86.86931
147213719217929856  709  188.71252  22.62931  262.13594  84.13647
147248216395196672  713  188.69021  24.22419  249.71162  85.25167
147308616520354688  715  188.39252  24.28294  247.20363  85.07169
147395207355888640  721  187.36259  24.10893  243.06821  84.19740
147550925690841472  722  187.90595  24.21709  244.94578  84.67108
147560443338209536  725  187.75227  24.56713  240.92699  84.73917
147560958734270720  726  188.43077  25.17583  238.10026  85.57156
147604385147390464  708  190.89818  25.78045  250.00054  87.78650
147610020144483328  710  170.72380  15.53263  237.84549  66.40376
147617961540254976  714  174.49084  15.77690  242.84416  69.52106
147618270777894784  718  176.26620  17.15990  242.52437  71.71191
147618438280381952  712  173.67700  16.79691  239.17893  69.46866
147623184220474624  719  179.85119  19.55735  242.57960  75.87391
