# BD+40.2704
# 2460835.29586
# apert     q         sq           u           su         PD          sPD        EVPA        sEVPA       x0     y0    x1       y1      x2     y2     x3      y3
11.0     0.00104     0.00116    -0.00286     0.00113     0.00305     0.00113   -35.04164    11.75695 1040.74 1080.23 1041.23  980.95 1088.97 1026.16  989.71 1025.75
12.0     0.00095     0.00117    -0.00305     0.00114     0.00320     0.00114   -36.33506    11.23242 1040.74 1080.23 1041.23  980.95 1088.97 1026.16  989.71 1025.75
13.0     0.00081     0.00119    -0.00320     0.00115     0.00330     0.00116   -37.92597    10.96453 1040.74 1080.23 1041.23  980.95 1088.97 1026.16  989.71 1025.75
14.0     0.00083     0.00121    -0.00342     0.00117     0.00352     0.00117   -38.14717    10.35457 1040.74 1080.23 1041.23  980.95 1088.97 1026.16  989.71 1025.75
15.0     0.00089     0.00123    -0.00383     0.00119     0.00393     0.00119   -38.44449     9.28582 1040.74 1080.23 1041.23  980.95 1088.97 1026.16  989.71 1025.75
16.0     0.00111     0.00125    -0.00402     0.00121     0.00417     0.00122   -37.30182     8.88891 1040.74 1080.23 1041.23  980.95 1088.97 1026.16  989.71 1025.75
17.0     0.00144     0.00128    -0.00413     0.00124     0.00438     0.00124   -35.37650     8.61539 1040.74 1080.23 1041.23  980.95 1088.97 1026.16  989.71 1025.75
