# ST_L_107_602
# 2460833.32932
# apert     q         sq           u           su         PD          sPD        EVPA        sEVPA       x0     y0    x1       y1      x2     y2     x3      y3
 9.0    -0.00498     0.00116     0.00731     0.00113     0.00885     0.00114    62.13680     3.73605 1040.23 1078.26 1040.73  978.93 1088.36 1023.83  989.13 1023.43
10.0    -0.00538     0.00119     0.00729     0.00116     0.00906     0.00117    63.20854     3.73588 1040.23 1078.26 1040.73  978.93 1088.36 1023.83  989.13 1023.43
11.0    -0.00532     0.00122     0.00741     0.00119     0.00912     0.00120    62.83803     3.81146 1040.23 1078.26 1040.73  978.93 1088.36 1023.83  989.13 1023.43
12.0    -0.00517     0.00125     0.00744     0.00123     0.00906     0.00124    62.39929     3.95807 1040.23 1078.26 1040.73  978.93 1088.36 1023.83  989.13 1023.43
13.0    -0.00512     0.00130     0.00735     0.00127     0.00896     0.00128    62.42212     4.14686 1040.23 1078.26 1040.73  978.93 1088.36 1023.83  989.13 1023.43
14.0    -0.00487     0.00135     0.00752     0.00132     0.00895     0.00133    61.45695     4.30805 1040.23 1078.26 1040.73  978.93 1088.36 1023.83  989.13 1023.43
15.0    -0.00493     0.00140     0.00738     0.00137     0.00888     0.00138    61.87470     4.53270 1040.23 1078.26 1040.73  978.93 1088.36 1023.83  989.13 1023.43
