# HD154892
# 2460835.32354
# apert     q         sq           u           su         PD          sPD        EVPA        sEVPA       x0     y0    x1       y1      x2     y2     x3      y3
11.0     0.00149     0.00116    -0.00222     0.00115     0.00268     0.00115   -28.04367    14.18309 1029.81 1084.83 1030.30  985.54 1078.40 1030.20  979.00 1029.79
12.0     0.00140     0.00117    -0.00222     0.00116     0.00263     0.00117   -28.90924    14.71887 1029.81 1084.83 1030.30  985.54 1078.40 1030.20  979.00 1029.79
13.0     0.00127     0.00119    -0.00248     0.00118     0.00279     0.00118   -31.39781    13.82836 1029.81 1084.83 1030.30  985.54 1078.40 1030.20  979.00 1029.79
14.0     0.00148     0.00120    -0.00256     0.00119     0.00296     0.00119   -29.99171    13.04754 1029.81 1084.83 1030.30  985.54 1078.40 1030.20  979.00 1029.79
15.0     0.00163     0.00122    -0.00256     0.00121     0.00303     0.00121   -28.78153    12.89777 1029.81 1084.83 1030.30  985.54 1078.40 1030.20  979.00 1029.79
16.0     0.00145     0.00124    -0.00273     0.00123     0.00309     0.00123   -31.00664    12.89039 1029.81 1084.83 1030.30  985.54 1078.40 1030.20  979.00 1029.79
17.0     0.00133     0.00127    -0.00282     0.00126     0.00311     0.00126   -32.36794    13.06020 1029.81 1084.83 1030.30  985.54 1078.40 1030.20  979.00 1029.79
