# ST_Z_HD121859
# 2460783.55149
# apert     q         sq           u           su         PD          sPD        EVPA        sEVPA       x0     y0    x1       y1      x2     y2     x3      y3
11.0     0.00146     0.00091    -0.00316     0.00090     0.00348     0.00090   -32.57631     7.76777 1047.36 1083.95 1047.94  984.65 1096.59 1029.95  997.30 1029.47
12.0     0.00140     0.00091    -0.00311     0.00090     0.00341     0.00091   -32.88886     8.00191 1047.36 1083.95 1047.94  984.65 1096.59 1029.95  997.30 1029.47
13.0     0.00144     0.00092    -0.00321     0.00091     0.00352     0.00091   -32.91208     7.79520 1047.36 1083.95 1047.94  984.65 1096.59 1029.95  997.30 1029.47
14.0     0.00144     0.00093    -0.00325     0.00092     0.00356     0.00092   -33.02964     7.76953 1047.36 1083.95 1047.94  984.65 1096.59 1029.95  997.30 1029.47
15.0     0.00143     0.00094    -0.00328     0.00093     0.00358     0.00093   -33.25660     7.81980 1047.36 1083.95 1047.94  984.65 1096.59 1029.95  997.30 1029.47
16.0     0.00132     0.00095    -0.00331     0.00094     0.00356     0.00094   -34.12526     7.96008 1047.36 1083.95 1047.94  984.65 1096.59 1029.95  997.30 1029.47
17.0     0.00135     0.00096    -0.00337     0.00095     0.00363     0.00096   -34.10719     7.92914 1047.36 1083.95 1047.94  984.65 1096.59 1029.95  997.30 1029.47
