# ST_Z_BD+35.2256
# 2460780.46995
# apert     q         sq           u           su         PD          sPD        EVPA        sEVPA       x0     y0    x1       y1      x2     y2     x3      y3
 9.0     0.00422     0.00115    -0.00036     0.00112     0.00423     0.00115    -2.45074     8.19984 1036.68 1080.33 1037.38  980.84 1084.53 1026.10  984.98 1025.50
10.0     0.00416     0.00116    -0.00041     0.00113     0.00418     0.00116    -2.83037     8.40023 1036.68 1080.33 1037.38  980.84 1084.53 1026.10  984.98 1025.50
11.0     0.00429     0.00118    -0.00056     0.00115     0.00432     0.00118    -3.70331     8.21813 1036.68 1080.33 1037.38  980.84 1084.53 1026.10  984.98 1025.50
12.0     0.00398     0.00120    -0.00060     0.00117     0.00403     0.00120    -4.27089     9.06398 1036.68 1080.33 1037.38  980.84 1084.53 1026.10  984.98 1025.50
13.0     0.00398     0.00122    -0.00060     0.00119     0.00403     0.00122    -4.30757     9.27035 1036.68 1080.33 1037.38  980.84 1084.53 1026.10  984.98 1025.50
14.0     0.00402     0.00125    -0.00045     0.00122     0.00405     0.00125    -3.15735     9.45352 1036.68 1080.33 1037.38  980.84 1084.53 1026.10  984.98 1025.50
15.0     0.00424     0.00128    -0.00024     0.00125     0.00425     0.00128    -1.64837     9.20848 1036.68 1080.33 1037.38  980.84 1084.53 1026.10  984.98 1025.50
