# BD+33.2642
# 2460830.54294
# apert     q         sq           u           su         PD          sPD        EVPA        sEVPA       x0     y0    x1       y1      x2     y2     x3      y3
11.0     0.00154     0.00167    -0.00122     0.00163     0.00197     0.00165   -19.12032    61.44223 1038.56 1080.27 1039.04  980.82 1084.42 1026.36  984.89 1025.93
12.0     0.00160     0.00170    -0.00139     0.00166     0.00212     0.00168   -20.46074    61.44223 1038.56 1080.27 1039.04  980.82 1084.42 1026.36  984.89 1025.93
13.0     0.00138     0.00173    -0.00139     0.00170     0.00195     0.00172   -22.59392    61.44223 1038.56 1080.27 1039.04  980.82 1084.42 1026.36  984.89 1025.93
14.0     0.00140     0.00178    -0.00136     0.00174     0.00196     0.00176   -22.07447    61.44223 1038.56 1080.27 1039.04  980.82 1084.42 1026.36  984.89 1025.93
15.0     0.00155     0.00182    -0.00143     0.00178     0.00211     0.00180   -21.42597    61.44223 1038.56 1080.27 1039.04  980.82 1084.42 1026.36  984.89 1025.93
16.0     0.00148     0.00187    -0.00146     0.00183     0.00208     0.00185   -22.30661    61.44223 1038.56 1080.27 1039.04  980.82 1084.42 1026.36  984.89 1025.93
17.0     0.00150     0.00193    -0.00107     0.00189     0.00184     0.00192   -17.71684    61.44223 1038.56 1080.27 1039.04  980.82 1084.42 1026.36  984.89 1025.93
