# BD+40.2704
# 2460829.30609
# apert     q         sq           u           su         PD          sPD        EVPA        sEVPA       x0     y0    x1       y1      x2     y2     x3      y3
11.0     0.00049     0.00104     0.00008     0.00102     0.00050     0.00104     4.82849    61.44223 1038.13 1082.73 1038.65  983.40 1083.01 1028.46  983.60 1028.04
12.0     0.00043     0.00105     0.00033     0.00103     0.00054     0.00104    18.79987    61.44223 1038.13 1082.73 1038.65  983.40 1083.01 1028.46  983.60 1028.04
13.0     0.00027     0.00106     0.00047     0.00104     0.00055     0.00105    30.01763    61.44223 1038.13 1082.73 1038.65  983.40 1083.01 1028.46  983.60 1028.04
14.0    -0.00002     0.00108     0.00065     0.00106     0.00065     0.00106    45.99214    61.44223 1038.13 1082.73 1038.65  983.40 1083.01 1028.46  983.60 1028.04
15.0    -0.00020     0.00109     0.00076     0.00107     0.00079     0.00107    52.25923    61.44223 1038.13 1082.73 1038.65  983.40 1083.01 1028.46  983.60 1028.04
16.0    -0.00047     0.00111     0.00095     0.00109     0.00106     0.00109    58.07910    61.44223 1038.13 1082.73 1038.65  983.40 1083.01 1028.46  983.60 1028.04
17.0    -0.00065     0.00113     0.00126     0.00111     0.00142     0.00111    58.69031    61.44223 1038.13 1082.73 1038.65  983.40 1083.01 1028.46  983.60 1028.04
