# HD183143
# 2460830.56177
# apert     q         sq           u           su         PD          sPD        EVPA        sEVPA       x0     y0    x1       y1      x2     y2     x3      y3
13.0     0.06327     0.00077    -0.00448     0.00075     0.06343     0.00077    -2.02609     0.34736 1037.96 1082.00 1038.46  982.70 1084.94 1028.09  985.59 1027.68
14.0     0.06326     0.00077    -0.00440     0.00076     0.06341     0.00077    -1.98885     0.34952 1037.96 1082.00 1038.46  982.70 1084.94 1028.09  985.59 1027.68
15.0     0.06315     0.00078    -0.00438     0.00076     0.06330     0.00078    -1.98354     0.35267 1037.96 1082.00 1038.46  982.70 1084.94 1028.09  985.59 1027.68
16.0     0.06311     0.00079    -0.00430     0.00077     0.06325     0.00079    -1.95067     0.35600 1037.96 1082.00 1038.46  982.70 1084.94 1028.09  985.59 1027.68
17.0     0.06318     0.00079    -0.00429     0.00078     0.06333     0.00079    -1.94058     0.35911 1037.96 1082.00 1038.46  982.70 1084.94 1028.09  985.59 1027.68
18.0     0.06318     0.00080    -0.00438     0.00079     0.06333     0.00080    -1.98372     0.36314 1037.96 1082.00 1038.46  982.70 1084.94 1028.09  985.59 1027.68
19.0     0.06325     0.00081    -0.00442     0.00080     0.06340     0.00081    -1.99836     0.36734 1037.96 1082.00 1038.46  982.70 1084.94 1028.09  985.59 1027.68
