# HD155197
# 2460830.51907
# apert     q         sq           u           su         PD          sPD        EVPA        sEVPA       x0     y0    x1       y1      x2     y2     x3      y3
13.0    -0.03328     0.00085    -0.02171     0.00083     0.03974     0.00084   -73.44382     0.60894 1036.20 1080.17 1036.69  980.77 1083.55 1025.66  984.11 1025.26
14.0    -0.03323     0.00086    -0.02178     0.00084     0.03973     0.00085   -73.37998     0.61353 1036.20 1080.17 1036.69  980.77 1083.55 1025.66  984.11 1025.26
15.0    -0.03322     0.00086    -0.02176     0.00085     0.03971     0.00086   -73.38780     0.61930 1036.20 1080.17 1036.69  980.77 1083.55 1025.66  984.11 1025.26
16.0    -0.03327     0.00087    -0.02161     0.00086     0.03967     0.00087   -73.49980     0.62651 1036.20 1080.17 1036.69  980.77 1083.55 1025.66  984.11 1025.26
17.0    -0.03345     0.00088    -0.02150     0.00087     0.03977     0.00088   -73.63295     0.63270 1036.20 1080.17 1036.69  980.77 1083.55 1025.66  984.11 1025.26
18.0    -0.03340     0.00089    -0.02147     0.00088     0.03971     0.00089   -73.63003     0.64238 1036.20 1080.17 1036.69  980.77 1083.55 1025.66  984.11 1025.26
19.0    -0.03345     0.00091    -0.02154     0.00089     0.03979     0.00090   -73.61337     0.65093 1036.20 1080.17 1036.69  980.77 1083.55 1025.66  984.11 1025.26
