# BD+40.2704
# 2460835.29541
# apert     q         sq           u           su         PD          sPD        EVPA        sEVPA       x0     y0    x1       y1      x2     y2     x3      y3
11.0     0.00001     0.00116    -0.00267     0.00113     0.00267     0.00113   -44.91608    13.79461 1041.48 1080.52 1041.96  981.24 1089.95 1026.26  990.69 1025.85
12.0    -0.00011     0.00117    -0.00286     0.00114     0.00286     0.00114   -46.10822    12.80637 1041.48 1080.52 1041.96  981.24 1089.95 1026.26  990.69 1025.85
13.0    -0.00041     0.00118    -0.00334     0.00115     0.00336     0.00115   -48.45888    10.71246 1041.48 1080.52 1041.96  981.24 1089.95 1026.26  990.69 1025.85
14.0    -0.00069     0.00120    -0.00366     0.00117     0.00372     0.00117   -50.35175     9.69223 1041.48 1080.52 1041.96  981.24 1089.95 1026.26  990.69 1025.85
15.0    -0.00111     0.00122    -0.00386     0.00119     0.00402     0.00119   -53.02188     9.05836 1041.48 1080.52 1041.96  981.24 1089.95 1026.26  990.69 1025.85
16.0    -0.00142     0.00125    -0.00429     0.00121     0.00452     0.00122   -54.14181     8.13023 1041.48 1080.52 1041.96  981.24 1089.95 1026.26  990.69 1025.85
17.0    -0.00188     0.00127    -0.00453     0.00124     0.00491     0.00125   -56.23536     7.60781 1041.48 1080.52 1041.96  981.24 1089.95 1026.26  990.69 1025.85
