# CygOB2_14
# 2460835.56961
# apert     q         sq           u           su         PD          sPD        EVPA        sEVPA       x0     y0    x1       y1      x2     y2     x3      y3
11.0    -0.02829     0.00151    -0.00295     0.00147     0.02845     0.00151   -87.02110     1.52112 1036.28 1075.36 1036.84  976.06 1085.13 1021.14  985.84 1020.69
12.0    -0.02890     0.00153    -0.00296     0.00150     0.02905     0.00153   -87.07759     1.51409 1036.28 1075.36 1036.84  976.06 1085.13 1021.14  985.84 1020.69
13.0    -0.02934     0.00156    -0.00281     0.00153     0.02947     0.00156   -87.26151     1.52156 1036.28 1075.36 1036.84  976.06 1085.13 1021.14  985.84 1020.69
14.0    -0.02987     0.00160    -0.00302     0.00156     0.03002     0.00160   -87.11568     1.52706 1036.28 1075.36 1036.84  976.06 1085.13 1021.14  985.84 1020.69
15.0    -0.03042     0.00164    -0.00307     0.00160     0.03057     0.00164   -87.12250     1.53677 1036.28 1075.36 1036.84  976.06 1085.13 1021.14  985.84 1020.69
16.0    -0.03084     0.00168    -0.00296     0.00164     0.03099     0.00168   -87.25921     1.55813 1036.28 1075.36 1036.84  976.06 1085.13 1021.14  985.84 1020.69
17.0    -0.03128     0.00173    -0.00322     0.00169     0.03145     0.00173   -87.05906     1.58150 1036.28 1075.36 1036.84  976.06 1085.13 1021.14  985.84 1020.69
