# ST_L_107_602
# 2460833.32978
# apert     q         sq           u           su         PD          sPD        EVPA        sEVPA       x0     y0    x1       y1      x2     y2     x3      y3
 9.0    -0.00451     0.00117     0.00638     0.00114     0.00781     0.00115    62.63552     4.28449 1040.75 1077.94 1041.25  978.61 1088.95 1023.51  989.77 1023.12
10.0    -0.00442     0.00119     0.00653     0.00117     0.00788     0.00117    62.06232     4.33178 1040.75 1077.94 1041.25  978.61 1088.95 1023.51  989.77 1023.12
11.0    -0.00437     0.00122     0.00666     0.00120     0.00797     0.00120    61.64932     4.39629 1040.75 1077.94 1041.25  978.61 1088.95 1023.51  989.77 1023.12
12.0    -0.00408     0.00125     0.00659     0.00123     0.00775     0.00124    60.89538     4.66330 1040.75 1077.94 1041.25  978.61 1088.95 1023.51  989.77 1023.12
13.0    -0.00367     0.00130     0.00663     0.00128     0.00758     0.00128    59.48275     4.93734 1040.75 1077.94 1041.25  978.61 1088.95 1023.51  989.77 1023.12
14.0    -0.00335     0.00134     0.00664     0.00133     0.00744     0.00133    58.41020     5.23477 1040.75 1077.94 1041.25  978.61 1088.95 1023.51  989.77 1023.12
15.0    -0.00348     0.00140     0.00672     0.00138     0.00757     0.00138    58.68243     5.36062 1040.75 1077.94 1041.25  978.61 1088.95 1023.51  989.77 1023.12
