# ST_L_107_602
# 2460782.53227
# apert     q         sq           u           su         PD          sPD        EVPA        sEVPA       x0     y0    x1       y1      x2     y2     x3      y3
11.0    -0.00750     0.00056     0.00445     0.00056     0.00872     0.00056    74.67176     1.85168 1043.03 1080.04 1043.65  980.67 1093.44 1025.90  994.12 1025.41
12.0    -0.00777     0.00057     0.00435     0.00056     0.00890     0.00057    75.38893     1.83111 1043.03 1080.04 1043.65  980.67 1093.44 1025.90  994.12 1025.41
13.0    -0.00793     0.00058     0.00449     0.00057     0.00911     0.00057    75.23140     1.80993 1043.03 1080.04 1043.65  980.67 1093.44 1025.90  994.12 1025.41
14.0    -0.00800     0.00058     0.00455     0.00058     0.00920     0.00058    75.17711     1.81811 1043.03 1080.04 1043.65  980.67 1093.44 1025.90  994.12 1025.41
15.0    -0.00816     0.00059     0.00459     0.00059     0.00936     0.00059    75.32450     1.81652 1043.03 1080.04 1043.65  980.67 1093.44 1025.90  994.12 1025.41
16.0    -0.00841     0.00060     0.00470     0.00060     0.00963     0.00060    75.40198     1.79851 1043.03 1080.04 1043.65  980.67 1093.44 1025.90  994.12 1025.41
17.0    -0.00862     0.00062     0.00470     0.00061     0.00982     0.00062    75.71153     1.80114 1043.03 1080.04 1043.65  980.67 1093.44 1025.90  994.12 1025.41
