# BD+33.2642
# 2460830.54267
# apert     q         sq           u           su         PD          sPD        EVPA        sEVPA       x0     y0    x1       y1      x2     y2     x3      y3
11.0     0.00358     0.00168    -0.00183     0.00164     0.00402     0.00167   -13.52262    13.52566 1037.43 1081.27 1037.92  981.83 1084.02 1027.26  984.51 1026.86
12.0     0.00437     0.00171    -0.00191     0.00167     0.00477     0.00170   -11.79905    11.20711 1037.43 1081.27 1037.92  981.83 1084.02 1027.26  984.51 1026.86
13.0     0.00497     0.00174    -0.00208     0.00170     0.00539     0.00174   -11.32545     9.95344 1037.43 1081.27 1037.92  981.83 1084.02 1027.26  984.51 1026.86
14.0     0.00536     0.00178    -0.00253     0.00174     0.00593     0.00178   -12.62933     9.15012 1037.43 1081.27 1037.92  981.83 1084.02 1027.26  984.51 1026.86
15.0     0.00562     0.00183    -0.00271     0.00179     0.00624     0.00182   -12.90152     8.89348 1037.43 1081.27 1037.92  981.83 1084.02 1027.26  984.51 1026.86
16.0     0.00608     0.00188    -0.00330     0.00184     0.00692     0.00187   -14.25402     8.15941 1037.43 1081.27 1037.92  981.83 1084.02 1027.26  984.51 1026.86
17.0     0.00662     0.00194    -0.00396     0.00189     0.00772     0.00193   -15.44466     7.48020 1037.43 1081.27 1037.92  981.83 1084.02 1027.26  984.51 1026.86
