# BD+40.2704
# 2460829.30560
# apert     q         sq           u           su         PD          sPD        EVPA        sEVPA       x0     y0    x1       y1      x2     y2     x3      y3
11.0     0.00068     0.00104     0.00016     0.00102     0.00070     0.00104     6.48555    61.44223 1037.77 1082.71 1038.29  983.37 1082.81 1028.55  983.40 1028.14
12.0     0.00054     0.00105     0.00004     0.00103     0.00054     0.00105     2.08022    61.44223 1037.77 1082.71 1038.29  983.37 1082.81 1028.55  983.40 1028.14
13.0     0.00058     0.00106    -0.00024     0.00104     0.00062     0.00106   -11.16298    61.44223 1037.77 1082.71 1038.29  983.37 1082.81 1028.55  983.40 1028.14
14.0     0.00043     0.00108    -0.00026     0.00106     0.00051     0.00107   -15.65454    61.44223 1037.77 1082.71 1038.29  983.37 1082.81 1028.55  983.40 1028.14
15.0     0.00038     0.00109    -0.00027     0.00107     0.00047     0.00109   -17.74340    61.44223 1037.77 1082.71 1038.29  983.37 1082.81 1028.55  983.40 1028.14
16.0     0.00028     0.00111    -0.00045     0.00109     0.00053     0.00110   -28.89130    61.44223 1037.77 1082.71 1038.29  983.37 1082.81 1028.55  983.40 1028.14
17.0     0.00018     0.00113    -0.00061     0.00111     0.00063     0.00111   -36.96507    61.44223 1037.77 1082.71 1038.29  983.37 1082.81 1028.55  983.40 1028.14
