# VCyg12
# 2460835.57330
# apert     q         sq           u           su         PD          sPD        EVPA        sEVPA       x0     y0    x1       y1      x2     y2     x3      y3
11.0    -0.03868     0.00080    -0.07256     0.00078     0.08222     0.00079   -59.03130     0.27423 1037.17 1078.53 1037.72  979.55 1086.16 1024.58  987.15 1024.12
12.0    -0.03866     0.00081    -0.07260     0.00079     0.08225     0.00079   -59.01690     0.27554 1037.17 1078.53 1037.72  979.55 1086.16 1024.58  987.15 1024.12
13.0    -0.03868     0.00081    -0.07264     0.00079     0.08230     0.00080   -59.01919     0.27719 1037.17 1078.53 1037.72  979.55 1086.16 1024.58  987.15 1024.12
14.0    -0.03879     0.00082    -0.07264     0.00080     0.08235     0.00080   -59.05223     0.27921 1037.17 1078.53 1037.72  979.55 1086.16 1024.58  987.15 1024.12
15.0    -0.03894     0.00082    -0.07256     0.00081     0.08235     0.00081   -59.10905     0.28185 1037.17 1078.53 1037.72  979.55 1086.16 1024.58  987.15 1024.12
16.0    -0.03907     0.00083    -0.07263     0.00081     0.08247     0.00082   -59.13881     0.28448 1037.17 1078.53 1037.72  979.55 1086.16 1024.58  987.15 1024.12
17.0    -0.03921     0.00084    -0.07269     0.00082     0.08259     0.00083   -59.17317     0.28761 1037.17 1078.53 1037.72  979.55 1086.16 1024.58  987.15 1024.12
