# BD+28.4211
# 2460835.58132
# apert     q         sq           u           su         PD          sPD        EVPA        sEVPA       x0     y0    x1       y1      x2     y2     x3      y3
 9.0     0.00213     0.00094    -0.00206     0.00093     0.00296     0.00094   -22.02842     9.72176 1036.86 1083.27 1037.43  983.93 1085.16 1029.26  985.75 1028.81
10.0     0.00177     0.00094    -0.00250     0.00093     0.00307     0.00094   -27.37434     9.33574 1036.86 1083.27 1037.43  983.93 1085.16 1029.26  985.75 1028.81
11.0     0.00161     0.00095    -0.00300     0.00093     0.00340     0.00094   -30.91488     8.32043 1036.86 1083.27 1037.43  983.93 1085.16 1029.26  985.75 1028.81
12.0     0.00139     0.00095    -0.00336     0.00094     0.00363     0.00094   -33.78289     7.78676 1036.86 1083.27 1037.43  983.93 1085.16 1029.26  985.75 1028.81
13.0     0.00110     0.00096    -0.00360     0.00095     0.00377     0.00095   -36.52940     7.55121 1036.86 1083.27 1037.43  983.93 1085.16 1029.26  985.75 1028.81
14.0     0.00067     0.00097    -0.00375     0.00096     0.00381     0.00096   -39.92497     7.52906 1036.86 1083.27 1037.43  983.93 1085.16 1029.26  985.75 1028.81
15.0     0.00036     0.00098    -0.00388     0.00097     0.00389     0.00097   -42.34052     7.46754 1036.86 1083.27 1037.43  983.93 1085.16 1029.26  985.75 1028.81
