# BD+40.2704
# 2460829.30625
# apert     q         sq           u           su         PD          sPD        EVPA        sEVPA       x0     y0    x1       y1      x2     y2     x3      y3
11.0    -0.00021     0.00104     0.00104     0.00102     0.00106     0.00102    50.64753    61.44223 1038.53 1082.78 1039.04  983.45 1083.63 1028.52  984.22 1028.10
12.0    -0.00056     0.00105     0.00084     0.00103     0.00101     0.00104    61.79403    61.44223 1038.53 1082.78 1039.04  983.45 1083.63 1028.52  984.22 1028.10
13.0    -0.00086     0.00106     0.00069     0.00104     0.00110     0.00106    70.68127    61.44223 1038.53 1082.78 1039.04  983.45 1083.63 1028.52  984.22 1028.10
14.0    -0.00086     0.00108     0.00050     0.00106     0.00100     0.00107    74.98139    61.44223 1038.53 1082.78 1039.04  983.45 1083.63 1028.52  984.22 1028.10
15.0    -0.00100     0.00109     0.00033     0.00107     0.00105     0.00109    80.97819    61.44223 1038.53 1082.78 1039.04  983.45 1083.63 1028.52  984.22 1028.10
16.0    -0.00115     0.00111     0.00020     0.00109     0.00117     0.00111    85.01962    61.44223 1038.53 1082.78 1039.04  983.45 1083.63 1028.52  984.22 1028.10
17.0    -0.00122     0.00113     0.00003     0.00111     0.00122     0.00113    89.25507    61.44223 1038.53 1082.78 1039.04  983.45 1083.63 1028.52  984.22 1028.10
