# BD+32.3739
# 2460835.56094
# apert     q         sq           u           su         PD          sPD        EVPA        sEVPA       x0     y0    x1       y1      x2     y2     x3      y3
11.0     0.00401     0.00107    -0.00127     0.00106     0.00421     0.00107    -8.75308     7.61273 1029.71 1079.10 1030.26  979.72 1077.73 1024.74  978.25 1024.28
12.0     0.00377     0.00108    -0.00095     0.00106     0.00389     0.00108    -7.06566     8.39285 1029.71 1079.10 1030.26  979.72 1077.73 1024.74  978.25 1024.28
13.0     0.00359     0.00109    -0.00080     0.00108     0.00368     0.00109    -6.31679     9.03973 1029.71 1079.10 1030.26  979.72 1077.73 1024.74  978.25 1024.28
14.0     0.00341     0.00110    -0.00074     0.00109     0.00348     0.00110    -6.09726     9.74672 1029.71 1079.10 1030.26  979.72 1077.73 1024.74  978.25 1024.28
15.0    -0.06719     0.00107    -0.00056     0.00110     0.06720     0.00107   -89.76270     0.45660 1029.71 1079.10 1030.26  979.72 1077.73 1024.74  978.25 1024.28
16.0    -0.15114     0.00102    -0.00046     0.00112     0.15114     0.00102   -89.91323     0.19381 1029.71 1079.10 1030.26  979.72 1077.73 1024.74  978.25 1024.28
17.0    -0.15108     0.00104    -0.00032     0.00114     0.15108     0.00104   -89.93947     0.19711 1029.71 1079.10 1030.26  979.72 1077.73 1024.74  978.25 1024.28
