# BD+40.2704
# 2460833.32383
# apert     q         sq           u           su         PD          sPD        EVPA        sEVPA       x0     y0    x1       y1      x2     y2     x3      y3
11.0     0.00207     0.00101    -0.00026     0.00098     0.00209     0.00101    -3.55269    16.45875 1040.84 1084.00 1041.34  984.71 1088.94 1029.84  989.68 1029.45
12.0     0.00209     0.00102    -0.00041     0.00099     0.00213     0.00102    -5.52114    16.18312 1040.84 1084.00 1041.34  984.71 1088.94 1029.84  989.68 1029.45
13.0     0.00203     0.00103    -0.00049     0.00100     0.00209     0.00103    -6.75204    16.83914 1040.84 1084.00 1041.34  984.71 1088.94 1029.84  989.68 1029.45
14.0     0.00187     0.00104    -0.00055     0.00101     0.00195     0.00104    -8.23339    18.80930 1040.84 1084.00 1041.34  984.71 1088.94 1029.84  989.68 1029.45
15.0     0.00170     0.00106    -0.00066     0.00103     0.00182     0.00105   -10.70051    21.17004 1040.84 1084.00 1041.34  984.71 1088.94 1029.84  989.68 1029.45
16.0     0.00147     0.00107    -0.00091     0.00104     0.00173     0.00106   -15.85664    23.39297 1040.84 1084.00 1041.34  984.71 1088.94 1029.84  989.68 1029.45
17.0     0.00136     0.00109    -0.00113     0.00106     0.00177     0.00108   -19.83339    23.00836 1040.84 1084.00 1041.34  984.71 1088.94 1029.84  989.68 1029.45
