# VCyg12
# 2460835.57374
# apert     q         sq           u           su         PD          sPD        EVPA        sEVPA       x0     y0    x1       y1      x2     y2     x3      y3
11.0    -0.03921     0.00080    -0.07139     0.00078     0.08145     0.00079   -59.38952     0.27611 1038.10 1077.78 1038.64  978.78 1087.03 1023.63  988.05 1023.18
12.0    -0.03942     0.00080    -0.07128     0.00078     0.08145     0.00079   -59.47101     0.27740 1038.10 1077.78 1038.64  978.78 1087.03 1023.63  988.05 1023.18
13.0    -0.03947     0.00081    -0.07124     0.00079     0.08144     0.00079   -59.49295     0.27915 1038.10 1077.78 1038.64  978.78 1087.03 1023.63  988.05 1023.18
14.0    -0.03973     0.00082    -0.07118     0.00079     0.08151     0.00080   -59.58320     0.28106 1038.10 1077.78 1038.64  978.78 1087.03 1023.63  988.05 1023.18
15.0    -0.03982     0.00082    -0.07107     0.00080     0.08147     0.00081   -59.63194     0.28381 1038.10 1077.78 1038.64  978.78 1087.03 1023.63  988.05 1023.18
16.0    -0.03990     0.00083    -0.07103     0.00081     0.08147     0.00082   -59.66335     0.28681 1038.10 1077.78 1038.64  978.78 1087.03 1023.63  988.05 1023.18
17.0    -0.04001     0.00084    -0.07094     0.00082     0.08144     0.00083   -59.71148     0.29042 1038.10 1077.78 1038.64  978.78 1087.03 1023.63  988.05 1023.18
