# BD+40.2704
# 2460780.43911
# apert     q         sq           u           su         PD          sPD        EVPA        sEVPA       x0     y0    x1       y1      x2     y2     x3      y3
11.0     0.00290     0.00122     0.00140     0.00121     0.00322     0.00122    12.90176    12.04910 1039.44 1080.41 1040.15  980.99 1087.31 1026.43  987.87 1025.79
12.0     0.00271     0.00124     0.00129     0.00122     0.00300     0.00123    12.73229    13.37379 1039.44 1080.41 1040.15  980.99 1087.31 1026.43  987.87 1025.79
13.0     0.00249     0.00126     0.00125     0.00124     0.00278     0.00125    13.36468    14.98746 1039.44 1080.41 1040.15  980.99 1087.31 1026.43  987.87 1025.79
14.0     0.00234     0.00128     0.00125     0.00126     0.00265     0.00127    14.11240    16.34520 1039.44 1080.41 1040.15  980.99 1087.31 1026.43  987.87 1025.79
15.0     0.00210     0.00130     0.00120     0.00129     0.00242     0.00130    14.89105    19.00371 1039.44 1080.41 1040.15  980.99 1087.31 1026.43  987.87 1025.79
16.0     0.00201     0.00133     0.00124     0.00131     0.00237     0.00133    15.83293    20.27602 1039.44 1080.41 1040.15  980.99 1087.31 1026.43  987.87 1025.79
17.0     0.00218     0.00136     0.00105     0.00135     0.00242     0.00136    12.88771    20.33473 1039.44 1080.41 1040.15  980.99 1087.31 1026.43  987.87 1025.79
