# ST_L_107_602
# 2460834.28440
# apert     q         sq           u           su         PD          sPD        EVPA        sEVPA       x0     y0    x1       y1      x2     y2     x3      y3
10.0    -0.00348     0.00147     0.00185     0.00144     0.00394     0.00146    76.00288    11.75801 1032.35 1076.56 1032.88  977.29 1081.25 1022.20  982.05 1021.84
11.0    -0.00384     0.00154     0.00226     0.00151     0.00446     0.00153    74.72998    10.74937 1032.35 1076.56 1032.88  977.29 1081.25 1022.20  982.05 1021.84
12.0    -0.00419     0.00163     0.00210     0.00159     0.00469     0.00162    76.68722    10.80035 1032.35 1076.56 1032.88  977.29 1081.25 1022.20  982.05 1021.84
13.0    -0.00423     0.00172     0.00173     0.00168     0.00456     0.00172    78.88876    11.97035 1032.35 1076.56 1032.88  977.29 1081.25 1022.20  982.05 1021.84
14.0    -0.00486     0.00183     0.00099     0.00179     0.00496     0.00183    84.23963    11.66836 1032.35 1076.56 1032.88  977.29 1081.25 1022.20  982.05 1021.84
15.0    -0.00468     0.00195     0.00059     0.00190     0.00471     0.00195    86.41179    13.43426 1032.35 1076.56 1032.88  977.29 1081.25 1022.20  982.05 1021.84
16.0    -0.00449     0.00208     0.00095     0.00202     0.00459     0.00208    83.99915    15.10383 1032.35 1076.56 1032.88  977.29 1081.25 1022.20  982.05 1021.84
