#Name   JD    P[%]   sP[%]    PA[deg]  sPA[deg]   q        sq       u        su
Mark_0          2460507.29355   1.84   0.07   65.10    1.11 -0.01185  0.00086  0.01401  0.00058
Mark_1          2460508.28233   1.10   0.04   66.38    1.09 -0.00745  0.00036  0.00806  0.00046
Mark_2          2460643.65069   1.00   0.06   84.35    1.74 -0.00984  0.00058  0.00197  0.00101
Mark_3          2460426.43690   0.38   0.12   67.08    9.40 -0.00267  0.00119  0.00275  0.00117
Mark_4          2460426.43999   1.16   0.69   60.84   22.00 -0.00612  0.00131  0.00991  0.00807
Mark_5          2460426.43407   0.22   0.13   19.77   21.54  0.00171  0.00135  0.00142  0.00123
Mark_7          2460461.37717   0.48   0.06   45.98    3.54 -0.00017  0.00044  0.00482  0.00059
Mark_8          2460426.41826   0.62   0.59  -35.12   61.44  0.00210  0.00105 -0.00584  0.00622
Mark_9          2460426.42202   0.13   0.09  -26.28   27.64  0.00077  0.00080 -0.00101  0.00091
Mark_10         2460459.30401   1.38   0.11   63.02    2.37 -0.00812  0.00075  0.01117  0.00129
Mark_11         2460438.33242   0.16   0.05   -0.39   10.19  0.00165  0.00054 -0.00002  0.00106
Mark_12         2460426.35266   0.39   0.48   12.54   61.44  0.00351  0.00531  0.00164  0.00121
Mark_13         2460432.30412   0.81   0.17    9.65    6.37  0.00760  0.00169  0.00266  0.00208
Mark_14         2460459.34708   0.55   0.12   28.20    6.78  0.00302  0.00195  0.00455  0.00075
Mark_15         2460426.44318   0.65   0.19   80.83    9.02 -0.00618  0.00199  0.00205  0.00116
Mark_16         2460426.42582   0.86   0.37    4.44   14.16  0.00851  0.00375  0.00133  0.00089
Mark_17         2460459.38080   0.16   0.08   54.35   17.15 -0.00053  0.00154  0.00156  0.00069
Mark_18         2460426.42901   0.34   0.05   48.90    3.88 -0.00046  0.00066  0.00338  0.00045
Mark_19         2460426.43140   0.32   0.07   51.94    5.95 -0.00077  0.00057  0.00314  0.00066
Mark_20         2460459.38410   0.17   0.04   49.23    7.34 -0.00025  0.00046  0.00170  0.00042
Mark_21         2460460.41860   0.43   0.06   57.88    4.36 -0.00186  0.00043  0.00386  0.00068
Mark_24         2460780.47338   0.46   0.06   28.66    3.78  0.00251  0.00058  0.00391  0.00062
Mark_24B        2460829.32401   0.10   0.11  -69.80   61.44 -0.00077  0.00131 -0.00065  0.00059
Mark_25         2460829.33374   0.20   0.03   68.72    4.81 -0.00149  0.00034  0.00137  0.00033
Mark_26B        2460829.36774   0.56   0.03   73.35    1.66 -0.00470  0.00027  0.00308  0.00043
Mark_26         2460829.34960   0.13   0.02   43.65    4.10  0.00006  0.00020  0.00134  0.00019
Mark_26C        2460829.37994   0.40   0.02   68.50    1.55 -0.00294  0.00024  0.00274  0.00019
Mark_26D        2460829.35684   0.30   0.03  -20.24    2.72  0.00228  0.00026 -0.00194  0.00030
Mark_27         2460829.39093   0.12   0.03    2.14    7.91  0.00118  0.00031  0.00009  0.00030
Mark_29B        2460426.33969   0.65   0.10   38.42    4.28  0.00148  0.00139  0.00634  0.00093
Mark_29         2460426.34069   0.62   0.09   42.70    4.47  0.00049  0.00080  0.00614  0.00095
Mark_30         2460432.37998   0.40   0.09   20.67    6.28  0.00302  0.00101  0.00266  0.00060
Mark_33         2460461.41779   0.24   0.07   14.38    8.68  0.00213  0.00068  0.00117  0.00074
Mark_34         2460426.34805   0.34   0.05   55.91    4.66 -0.00126  0.00040  0.00314  0.00056
Mark_35         2460438.31047   0.45   0.06   34.43    4.11  0.00163  0.00095  0.00422  0.00058
Mark_36         2460459.36682   0.17   0.06   49.50   11.77 -0.00027  0.00065  0.00167  0.00063
Mark_41         2460459.31419   0.35   0.09   48.22    8.10 -0.00039  0.00071  0.00349  0.00095
Mark_43         2460426.35778   0.51   0.26  -39.09   17.94  0.00104  0.00295 -0.00494  0.00258
Mark_44         2460438.44333   0.25   0.04   54.65    4.78 -0.00082  0.00051  0.00234  0.00039
Mark_45         2460438.43699   0.08   0.03   36.17   12.63  0.00025  0.00037  0.00077  0.00031
Mark_47         2460461.31411   0.23   0.07   40.64    9.92  0.00034  0.00067  0.00223  0.00072
Mark_48         2460460.43270   0.37   0.07   64.64    5.59 -0.00234  0.00078  0.00286  0.00065
Mark_51         2460461.38112   0.08   0.06   43.26   28.27  0.00005  0.00075  0.00082  0.00057
Mark_53         2460461.42287   0.12   0.06  -24.50   19.19  0.00078  0.00042 -0.00089  0.00076
Mark_54         2460461.35736   0.30   0.04   49.29    4.28 -0.00045  0.00022  0.00300  0.00045
Mark_55         2460438.32266   0.52   0.06   52.78    3.50 -0.00139  0.00061  0.00499  0.00063
Mark_56         2460460.35637   0.33   0.03   53.72    2.63 -0.00100  0.00037  0.00319  0.00030
Mark_59         2460481.35127   0.10   0.06   44.11   19.78  0.00003  0.00062  0.00101  0.00056
Mark_60         2460460.31475   0.23   0.03   47.69    3.82 -0.00022  0.00067  0.00232  0.00030
Mark_64         2460460.34562   0.40   0.06   42.69    4.22  0.00032  0.00050  0.00399  0.00058
Mark_65         2460431.28145   0.60   0.01   44.70    0.65  0.00006  0.00069  0.00597  0.00014
Mark_66         2460460.42529   0.52   0.07   62.03    3.91 -0.00290  0.00074  0.00428  0.00068
Mark_67         2460459.40329   0.41   0.05   46.74    3.90 -0.00025  0.00046  0.00405  0.00055
Mark_68         2460459.40742   0.20   0.06   31.23    8.96  0.00092  0.00052  0.00176  0.00060
Mark_69         2460460.40407   0.28   0.06   46.76    6.30 -0.00017  0.00027  0.00283  0.00060
Mark_70         2460459.30005   0.27   0.04   40.50    4.11  0.00042  0.00069  0.00264  0.00037
Mark_71         2460459.39899   0.16   0.03   36.16    5.07  0.00050  0.00070  0.00156  0.00020
Mark_72         2460459.35757   0.42   0.05   22.76    3.41  0.00297  0.00052  0.00302  0.00048
Mark_74         2460459.39503   0.18   0.07   38.76   13.03  0.00039  0.00049  0.00174  0.00073
Mark_75         2460461.37286   0.27   0.08   40.35    9.45  0.00044  0.00041  0.00269  0.00085
Mark_76         2460830.35889   0.40   0.10  -32.38    7.56  0.00171  0.00058 -0.00362  0.00108
Mark_78         2460461.39199   0.16   0.08   19.39   16.00  0.00127  0.00092  0.00102  0.00045
Mark_79         2460461.35341   0.27   0.04   44.59    4.75  0.00004  0.00050  0.00272  0.00044
Mark_81         2460830.37877   0.18   0.06  -11.38    9.84  0.00169  0.00062 -0.00071  0.00034
Mark_83         2460460.30471   0.39   0.06   36.56    4.51  0.00114  0.00100  0.00374  0.00056
Mark_84         2460460.31873   0.28   0.02   57.82    2.50 -0.00122  0.00039  0.00253  0.00019
Mark_85         2460426.36178   0.33   0.08   43.70    6.76  0.00015  0.00074  0.00333  0.00076
Mark_86         2460830.39351   0.12   0.05   -7.06   13.26  0.00119  0.00051 -0.00030  0.00042
Mark_89         2460438.38881   0.29   0.10   39.31   11.29  0.00057  0.00103  0.00285  0.00104
Mark_92         2460432.36662   0.30   0.06   10.45    6.10  0.00281  0.00055  0.00108  0.00098
Mark_95         2460432.31264   0.29   0.08   30.58    8.12  0.00139  0.00045  0.00253  0.00085
Mark_96         2460460.41568   0.45   0.04   59.83    2.28 -0.00224  0.00048  0.00393  0.00031
Mark_99         2460426.36532   0.08   0.09   -6.14   61.44  0.00074  0.00090 -0.00016  0.00060
Mark_104        2460460.38140   0.28   0.03   52.30    3.36 -0.00071  0.00063  0.00272  0.00030
Mark_105        2460459.35372   0.26   0.06   40.42    6.91  0.00042  0.00039  0.00259  0.00061
Mark_106        2460461.38732   0.31   0.08   35.26    7.72  0.00103  0.00045  0.00291  0.00083
Mark_110        2460438.38383   0.43   0.08   46.26    5.60 -0.00019  0.00077  0.00429  0.00082
Mark_112        2460459.42239   0.41   0.06   50.02    4.31 -0.00071  0.00076  0.00402  0.00060
Mark_116        2460459.32306   0.31   0.04   28.12    3.73  0.00170  0.00050  0.00255  0.00033
Mark_118        2460461.40406   0.42   0.06   58.27    3.84 -0.00189  0.00068  0.00378  0.00052
Mark_119        2460460.43713   0.31   0.07   39.27    6.83  0.00062  0.00058  0.00307  0.00072
Mark_121        2460460.33245   0.45   0.04   52.44    2.77 -0.00117  0.00038  0.00440  0.00044
Mark_122        2460432.38738   0.19   0.08   30.57   13.40  0.00091  0.00078  0.00165  0.00077
Mark_123        2460461.33009   0.41   0.06   36.22    4.15  0.00123  0.00052  0.00390  0.00059
Mark_124        2460460.29936   0.68   0.05   45.65    2.31 -0.00015  0.00079  0.00684  0.00055
Mark_127        2460459.42650   0.17   0.06    3.72   10.59  0.00173  0.00060  0.00023  0.00036
Mark_128        2460461.39760   0.28   0.06   27.93    6.37  0.00157  0.00057  0.00232  0.00062
Mark_131        2460459.41224   0.14   0.05   34.46   10.52  0.00051  0.00055  0.00131  0.00046
Mark_132        2460460.38516   0.50   0.06   55.90    3.39 -0.00185  0.00077  0.00464  0.00055
Mark_141        2460460.32760   0.30   0.05   50.75    4.96 -0.00060  0.00022  0.00295  0.00052
Mark_144        2460461.40938   0.27   0.06   67.86    6.98 -0.00193  0.00062  0.00188  0.00064
Mark_149        2460461.36106   0.22   0.03   55.22    4.49 -0.00078  0.00047  0.00210  0.00032
Mark_150        2460460.41163   0.28   0.04   61.06    4.48 -0.00147  0.00038  0.00234  0.00044
Mark_151        2460461.43247   0.27   0.05   55.18    5.47 -0.00093  0.00047  0.00250  0.00050
Mark_154        2460461.42809   0.38   0.06   56.85    4.54 -0.00153  0.00083  0.00349  0.00053
Mark_163        2460426.36879   0.79   0.06   34.52    2.23  0.00284  0.00034  0.00741  0.00065
Mark_164        2460426.37258   0.59   0.09   42.85    4.16  0.00045  0.00159  0.00593  0.00085
Mark_166        2460426.37630   0.28   0.08   45.79    8.08 -0.00008  0.00055  0.00283  0.00076
Mark_167        2460459.33816   0.30   0.05   47.58    4.85 -0.00027  0.00063  0.00299  0.00050
Mark_168        2460460.38925   0.10   0.06   86.29   20.50 -0.00097  0.00055  0.00013  0.00082
Mark_171        2460459.38780   0.17   0.05   16.05    9.26  0.00142  0.00043  0.00089  0.00067
Mark_182        2460459.32987   0.16   0.06   24.87   10.80  0.00104  0.00056  0.00123  0.00055
Mark_183        2460461.36847   0.42   0.05   47.50    3.41 -0.00037  0.00044  0.00422  0.00050
Mark_184        2460459.33311   0.19   0.07   30.61   12.24  0.00092  0.00068  0.00168  0.00075
Mark_188        2460426.38819   0.26   0.10   42.91   12.98  0.00019  0.00093  0.00255  0.00103
Mark_189        2460460.33664   0.25   0.06   45.60    6.90 -0.00005  0.00045  0.00250  0.00058
Mark_191        2460438.32729   0.40   0.04   69.90    2.93 -0.00304  0.00037  0.00257  0.00044
Mark_192        2460459.37755   0.26   0.03   68.16    2.80 -0.00188  0.00020  0.00179  0.00030
Mark_193        2460460.37663   0.57   0.09   62.76    4.35 -0.00331  0.00035  0.00464  0.00102
Mark_198        2460459.29594   0.45   0.07   48.34    4.88 -0.00052  0.00100  0.00444  0.00074
Mark_200        2460438.31478   0.26   0.06   49.47    7.04 -0.00040  0.00103  0.00257  0.00060
Mark_206        2460460.42962   0.25   0.05   66.40    5.40 -0.00169  0.00055  0.00183  0.00036
Mark_207        2460461.36448   0.25   0.04   72.05    4.22 -0.00204  0.00031  0.00148  0.00045
Mark_212        2460426.39333   0.11   0.13   16.22   61.44  0.00093  0.00126  0.00059  0.00126
Mark_216        2460438.37881   0.33   0.04   38.47    3.31  0.00074  0.00116  0.00321  0.00028
Mark_217        2460461.41376   0.30   0.06   48.78    6.13 -0.00039  0.00034  0.00293  0.00062
Mark_219        2460432.33096   0.19   0.08   36.69   13.44  0.00055  0.00135  0.00186  0.00073
Mark_221B       2460460.39276   0.45   0.05   52.43    3.24 -0.00116  0.00079  0.00438  0.00048
Mark_221        2460460.39268   0.45   0.05   55.24    3.31 -0.00157  0.00059  0.00421  0.00050
Mark_222        2460460.36897   0.30   0.05   60.39    4.58 -0.00155  0.00050  0.00261  0.00047
Mark_223        2460459.32691   0.28   0.03   50.13    3.12 -0.00051  0.00065  0.00280  0.00029
Mark_225        2460460.40006   0.26   0.08   37.77    9.51  0.00064  0.00055  0.00249  0.00081
Mark_230B       2460460.37258   0.56   0.06   73.11    3.34 -0.00465  0.00056  0.00311  0.00081
Mark_230        2460460.37251   0.54   0.07   75.06    3.74 -0.00466  0.00065  0.00268  0.00082
Mark_233        2460432.37180   0.11   0.09   51.82   61.44 -0.00027  0.00091  0.00111  0.00090
Mark_234        2460460.42097   0.19   0.05   60.18    7.06 -0.00098  0.00052  0.00167  0.00044
Mark_236        2460459.34300   0.20   0.06   15.90    9.61  0.00171  0.00064  0.00106  0.00059
Mark_238        2460460.32343   0.22   0.10   60.90   15.92 -0.00116  0.00105  0.00187  0.00104
Mark_240        2460460.31032   0.23   0.04   32.55    5.28  0.00099  0.00044  0.00213  0.00042
Mark_242        2460459.39128   0.23   0.09   66.86   11.87 -0.00158  0.00079  0.00165  0.00091
Mark_243        2460438.30622   0.40   0.07   47.89    4.72 -0.00041  0.00086  0.00402  0.00065
Mark_245        2460438.33731   0.86   0.04   63.61    1.20 -0.00519  0.00033  0.00683  0.00038
Mark_248        2460432.32480   0.36   0.09   37.50    7.45  0.00094  0.00097  0.00352  0.00090
Mark_256        2460432.34369   0.51   0.10   55.22    5.88 -0.00177  0.00126  0.00475  0.00098
Mark_259        2460461.31939   0.51   0.07   52.20    3.96 -0.00127  0.00067  0.00493  0.00070
Mark_261        2460431.28930   0.20   0.12  -86.42   22.92 -0.00198  0.00121 -0.00025  0.00131
Mark_263        2460460.40775   0.08   0.04   76.19   19.27 -0.00068  0.00044  0.00036  0.00034
Mark_263B       2460460.40781   0.05   0.04   70.24   61.44 -0.00041  0.00041  0.00034  0.00041
Mark_264        2460431.27584   0.40   0.14   34.18   10.82  0.00146  0.00054  0.00368  0.00146
Mark_269        2460460.34099   0.61   0.08   59.32    3.77 -0.00292  0.00046  0.00535  0.00087
Mark_272        2460461.33587   0.28   0.06   46.30    6.76 -0.00013  0.00071  0.00283  0.00065
Mark_273        2460432.31800   0.25   0.07   43.78    8.03  0.00010  0.00085  0.00245  0.00065
Mark_274        2460459.30888   0.44   0.06   84.56    3.87 -0.00428  0.00058  0.00082  0.00065
Mark_275        2460459.31923   0.16   0.07   12.68   14.98  0.00147  0.00072  0.00070  0.00076
Mark_276        2460461.34036   0.32   0.04   45.97    3.68 -0.00011  0.00043  0.00316  0.00040
Mark_277        2460432.33698   0.25   0.07   39.97    8.07  0.00044  0.00092  0.00246  0.00066
Mark_281        2460459.37435   0.31   0.10   52.81    9.33 -0.00085  0.00083  0.00302  0.00097
Mark_282        2460460.36083   0.38   0.09   61.65    6.81 -0.00207  0.00076  0.00315  0.00090
Mark_284        2460459.41745   0.28   0.09   56.06   10.29 -0.00105  0.00152  0.00258  0.00078
Mark_285        2460459.36170   0.30   0.08   53.58    7.90 -0.00087  0.00101  0.00283  0.00075
Mark_289        2460460.39614   0.24   0.09   30.89   12.21  0.00112  0.00081  0.00208  0.00093
Mark_290        2460460.36506   0.23   0.06   50.76    7.49 -0.00045  0.00020  0.00223  0.00058
Mark_294        2460461.32420   0.17   0.08   27.51   15.41  0.00098  0.00117  0.00139  0.00049
Mark_295        2460461.34499   0.30   0.04   49.47    4.03 -0.00047  0.00041  0.00299  0.00042
Mark_297        2460431.51647   0.11   0.09    2.85   61.44  0.00112  0.00093  0.00011  0.00092
Mark_298        2460461.34905   0.25   0.03   35.12    3.55  0.00085  0.00043  0.00238  0.00029
Mark_301        2460459.37111   0.17   0.03   42.11    5.99  0.00017  0.00040  0.00169  0.00035
Mark_302        2460460.35114   0.29   0.09   73.27    9.49 -0.00239  0.00099  0.00158  0.00056
Mark_305        2460438.31873   0.25   0.04  -87.98    5.21 -0.00246  0.00044 -0.00017  0.00047
Mark_307        2460459.35014   0.30   0.05   56.71    5.04 -0.00119  0.00050  0.00274  0.00052
Mark_308        2460431.28536   0.05   0.09  -15.12   61.44  0.00042  0.00102 -0.00024  0.00060
Mark_310        2460460.29519   0.88   0.07   30.72    2.15  0.00421  0.00090  0.00774  0.00057
