# BD+40.2704
# 2460829.30641
# apert     q         sq           u           su         PD          sPD        EVPA        sEVPA       x0     y0    x1       y1      x2     y2     x3      y3
11.0     0.00235     0.00104    -0.00096     0.00102     0.00254     0.00104   -11.06784    13.26621 1038.27 1083.04 1038.78  983.72 1083.21 1028.78  983.81 1028.35
12.0     0.00248     0.00105    -0.00101     0.00103     0.00268     0.00105   -11.11200    12.54129 1038.27 1083.04 1038.78  983.72 1083.21 1028.78  983.81 1028.35
13.0     0.00255     0.00106    -0.00116     0.00104     0.00280     0.00106   -12.19701    12.02027 1038.27 1083.04 1038.78  983.72 1083.21 1028.78  983.81 1028.35
14.0     0.00268     0.00108    -0.00112     0.00106     0.00291     0.00107   -11.38050    11.70035 1038.27 1083.04 1038.78  983.72 1083.21 1028.78  983.81 1028.35
15.0     0.00271     0.00109    -0.00133     0.00107     0.00302     0.00109   -13.09762    11.38465 1038.27 1083.04 1038.78  983.72 1083.21 1028.78  983.81 1028.35
16.0     0.00272     0.00111    -0.00147     0.00109     0.00309     0.00111   -14.16863    11.27812 1038.27 1083.04 1038.78  983.72 1083.21 1028.78  983.81 1028.35
17.0     0.00269     0.00113    -0.00153     0.00111     0.00310     0.00113   -14.85679    11.50875 1038.27 1083.04 1038.78  983.72 1083.21 1028.78  983.81 1028.35
