# BD+40.2704
# 2460835.29525
# apert     q         sq           u           su         PD          sPD        EVPA        sEVPA       x0     y0    x1       y1      x2     y2     x3      y3
11.0     0.00311     0.00116    -0.00124     0.00113     0.00335     0.00115   -10.89984    10.75254 1042.05 1080.18 1042.54  980.91 1090.29 1025.89  991.03 1025.48
12.0     0.00297     0.00117    -0.00134     0.00114     0.00326     0.00117   -12.11984    11.22996 1042.05 1080.18 1042.54  980.91 1090.29 1025.89  991.03 1025.48
13.0     0.00300     0.00118    -0.00133     0.00116     0.00328     0.00118   -11.91765    11.32770 1042.05 1080.18 1042.54  980.91 1090.29 1025.89  991.03 1025.48
14.0     0.00286     0.00120    -0.00143     0.00117     0.00320     0.00120   -13.23956    11.87648 1042.05 1080.18 1042.54  980.91 1090.29 1025.89  991.03 1025.48
15.0     0.00280     0.00122    -0.00142     0.00119     0.00314     0.00122   -13.49318    12.41789 1042.05 1080.18 1042.54  980.91 1090.29 1025.89  991.03 1025.48
16.0     0.00270     0.00125    -0.00128     0.00122     0.00299     0.00124   -12.72634    13.53094 1042.05 1080.18 1042.54  980.91 1090.29 1025.89  991.03 1025.48
17.0     0.00279     0.00127    -0.00120     0.00124     0.00304     0.00127   -11.67910    13.62973 1042.05 1080.18 1042.54  980.91 1090.29 1025.89  991.03 1025.48
