# BD+28.4211
# 2460835.58307
# apert     q         sq           u           su         PD          sPD        EVPA        sEVPA       x0     y0    x1       y1      x2     y2     x3      y3
 9.0     0.00264     0.00094    -0.00250     0.00093     0.00364     0.00094   -21.67613     7.72348 1036.89 1083.60 1037.44  984.25 1085.42 1029.57  985.99 1029.11
10.0     0.00256     0.00095    -0.00268     0.00093     0.00370     0.00094   -23.13098     7.58355 1036.89 1083.60 1037.44  984.25 1085.42 1029.57  985.99 1029.11
11.0     0.00251     0.00095    -0.00299     0.00093     0.00390     0.00094   -24.97258     7.18875 1036.89 1083.60 1037.44  984.25 1085.42 1029.57  985.99 1029.11
12.0     0.00237     0.00096    -0.00325     0.00094     0.00402     0.00095   -26.96270     7.00418 1036.89 1083.60 1037.44  984.25 1085.42 1029.57  985.99 1029.11
13.0     0.00228     0.00096    -0.00353     0.00095     0.00420     0.00095   -28.56364     6.73488 1036.89 1083.60 1037.44  984.25 1085.42 1029.57  985.99 1029.11
14.0     0.00202     0.00097    -0.00380     0.00096     0.00431     0.00096   -31.01610     6.62871 1036.89 1083.60 1037.44  984.25 1085.42 1029.57  985.99 1029.11
15.0     0.00183     0.00099    -0.00395     0.00097     0.00435     0.00098   -32.53608     6.64594 1036.89 1083.60 1037.44  984.25 1085.42 1029.57  985.99 1029.11
