# ST_Z_HD121859
# 2460782.53587
# apert     q         sq           u           su         PD          sPD        EVPA        sEVPA       x0     y0    x1       y1      x2     y2     x3      y3
13.0     0.00196     0.00089    -0.00383     0.00089     0.00430     0.00089   -31.46527     6.09680 1047.36 1074.56 1047.95  975.13 1097.09 1020.29  997.77 1019.79
14.0     0.00202     0.00089    -0.00376     0.00090     0.00426     0.00090   -30.89209     6.20754 1047.36 1074.56 1047.95  975.13 1097.09 1020.29  997.77 1019.79
15.0     0.00206     0.00090    -0.00360     0.00091     0.00414     0.00090   -30.09795     6.45996 1047.36 1074.56 1047.95  975.13 1097.09 1020.29  997.77 1019.79
16.0     0.00215     0.00091    -0.00357     0.00092     0.00417     0.00091   -29.46322     6.49582 1047.36 1074.56 1047.95  975.13 1097.09 1020.29  997.77 1019.79
17.0     0.00235     0.00092    -0.00361     0.00093     0.00431     0.00092   -28.46486     6.34500 1047.36 1074.56 1047.95  975.13 1097.09 1020.29  997.77 1019.79
18.0     0.00237     0.00093    -0.00361     0.00094     0.00432     0.00094   -28.32126     6.43008 1047.36 1074.56 1047.95  975.13 1097.09 1020.29  997.77 1019.79
19.0     0.00258     0.00095    -0.00349     0.00095     0.00434     0.00095   -26.74850     6.49020 1047.36 1074.56 1047.95  975.13 1097.09 1020.29  997.77 1019.79
