# BD+40.2704
# 2460833.32367
# apert     q         sq           u           su         PD          sPD        EVPA        sEVPA       x0     y0    x1       y1      x2     y2     x3      y3
11.0     0.00143     0.00101    -0.00002     0.00099     0.00143     0.00101    -0.40822    61.44223 1040.83 1084.99 1041.35  985.74 1088.99 1030.82  989.74 1030.41
12.0     0.00126     0.00102    -0.00015     0.00100     0.00127     0.00102    -3.40847    61.44223 1040.83 1084.99 1041.35  985.74 1088.99 1030.82  989.74 1030.41
13.0     0.00130     0.00103    -0.00013     0.00101     0.00131     0.00103    -2.80308    61.44223 1040.83 1084.99 1041.35  985.74 1088.99 1030.82  989.74 1030.41
14.0     0.00115     0.00104    -0.00010     0.00102     0.00115     0.00104    -2.37008    61.44223 1040.83 1084.99 1041.35  985.74 1088.99 1030.82  989.74 1030.41
15.0     0.00102     0.00106     0.00002     0.00103     0.00102     0.00106     0.61975    61.44223 1040.83 1084.99 1041.35  985.74 1088.99 1030.82  989.74 1030.41
16.0     0.00122     0.00107    -0.00002     0.00105     0.00122     0.00107    -0.58036    61.44223 1040.83 1084.99 1041.35  985.74 1088.99 1030.82  989.74 1030.41
17.0     0.00112     0.00109    -0.00006     0.00106     0.00113     0.00109    -1.52202    61.44223 1040.83 1084.99 1041.35  985.74 1088.99 1030.82  989.74 1030.41
