# HD154892
# 2460830.55559
# apert     q         sq           u           su         PD          sPD        EVPA        sEVPA       x0     y0    x1       y1      x2     y2     x3      y3
13.0     0.00078     0.00091    -0.00212     0.00089     0.00225     0.00089   -34.92767    12.72551 1035.17 1079.77 1035.66  980.35 1082.27 1025.56  982.78 1025.16
14.0     0.00087     0.00091    -0.00212     0.00090     0.00229     0.00090   -33.82420    12.60492 1035.17 1079.77 1035.66  980.35 1082.27 1025.56  982.78 1025.16
15.0     0.00078     0.00092    -0.00204     0.00091     0.00219     0.00091   -34.53713    13.50562 1035.17 1079.77 1035.66  980.35 1082.27 1025.56  982.78 1025.16
16.0     0.00079     0.00093    -0.00200     0.00092     0.00215     0.00092   -34.24926    14.00941 1035.17 1079.77 1035.66  980.35 1082.27 1025.56  982.78 1025.16
17.0     0.00076     0.00094    -0.00195     0.00093     0.00209     0.00093   -34.37865    14.72625 1035.17 1079.77 1035.66  980.35 1082.27 1025.56  982.78 1025.16
18.0     0.00080     0.00096    -0.00181     0.00094     0.00198     0.00094   -33.02694    16.14023 1035.17 1079.77 1035.66  980.35 1082.27 1025.56  982.78 1025.16
19.0     0.00085     0.00097    -0.00182     0.00096     0.00201     0.00096   -32.44766    16.18137 1035.17 1079.77 1035.66  980.35 1082.27 1025.56  982.78 1025.16
