# BD+33.2642
# 2460835.30730
# apert     q         sq           u           su         PD          sPD        EVPA        sEVPA       x0     y0    x1       y1      x2     y2     x3      y3
11.0     0.00238     0.00167    -0.00432     0.00163     0.00493     0.00164   -30.54778    10.32293 1038.47 1079.72 1038.97  980.33 1086.64 1025.38  987.26 1024.95
12.0     0.00207     0.00170    -0.00488     0.00167     0.00530     0.00167   -33.49207     9.71543 1038.47 1079.72 1038.97  980.33 1086.64 1025.38  987.26 1024.95
13.0     0.00185     0.00175    -0.00501     0.00171     0.00534     0.00171   -34.86601     9.90422 1038.47 1079.72 1038.97  980.33 1086.64 1025.38  987.26 1024.95
14.0     0.00201     0.00180    -0.00481     0.00176     0.00521     0.00176   -33.68343    10.51559 1038.47 1079.72 1038.97  980.33 1086.64 1025.38  987.26 1024.95
15.0     0.00194     0.00185    -0.00525     0.00181     0.00560     0.00181   -34.85341    10.00898 1038.47 1079.72 1038.97  980.33 1086.64 1025.38  987.26 1024.95
16.0     0.00204     0.00191    -0.00571     0.00187     0.00606     0.00187   -35.15697     9.47391 1038.47 1079.72 1038.97  980.33 1086.64 1025.38  987.26 1024.95
17.0     0.00209     0.00198    -0.00616     0.00193     0.00650     0.00194   -35.63901     9.09809 1038.47 1079.72 1038.97  980.33 1086.64 1025.38  987.26 1024.95
