# BD+28.4211
# 2460835.58219
# apert     q         sq           u           su         PD          sPD        EVPA        sEVPA       x0     y0    x1       y1      x2     y2     x3      y3
 9.0     0.00348     0.00094    -0.00129     0.00092     0.00371     0.00094   -10.15320     7.56598 1038.41 1083.11 1038.96  983.76 1086.81 1029.12  987.40 1028.67
10.0     0.00330     0.00094    -0.00157     0.00093     0.00366     0.00094   -12.69880     7.70449 1038.41 1083.11 1038.96  983.76 1086.81 1029.12  987.40 1028.67
11.0     0.00331     0.00095    -0.00178     0.00093     0.00376     0.00094   -14.12196     7.50094 1038.41 1083.11 1038.96  983.76 1086.81 1029.12  987.40 1028.67
12.0     0.00335     0.00095    -0.00181     0.00094     0.00381     0.00095   -14.16738     7.43273 1038.41 1083.11 1038.96  983.76 1086.81 1029.12  987.40 1028.67
13.0     0.00344     0.00096    -0.00171     0.00094     0.00384     0.00096   -13.19930     7.44082 1038.41 1083.11 1038.96  983.76 1086.81 1029.12  987.40 1028.67
14.0     0.00355     0.00097    -0.00171     0.00095     0.00394     0.00097   -12.82105     7.31953 1038.41 1083.11 1038.96  983.76 1086.81 1029.12  987.40 1028.67
15.0     0.00379     0.00098    -0.00176     0.00097     0.00418     0.00098   -12.43993     6.96867 1038.41 1083.11 1038.96  983.76 1086.81 1029.12  987.40 1028.67
