# ST_Z_BD+35.2256
# 2460780.46973
# apert     q         sq           u           su         PD          sPD        EVPA        sEVPA       x0     y0    x1       y1      x2     y2     x3      y3
 9.0     0.00317     0.00116    -0.00166     0.00113     0.00358     0.00115   -13.85580     9.94992 1036.25 1079.95 1036.96  980.46 1084.19 1025.78  984.63 1025.16
10.0     0.00299     0.00117    -0.00191     0.00114     0.00355     0.00116   -16.31944    10.15594 1036.25 1079.95 1036.96  980.46 1084.19 1025.78  984.63 1025.16
11.0     0.00267     0.00119    -0.00200     0.00116     0.00334     0.00118   -18.46819    11.08441 1036.25 1079.95 1036.96  980.46 1084.19 1025.78  984.63 1025.16
12.0     0.00248     0.00121    -0.00200     0.00118     0.00318     0.00120   -19.47461    11.96227 1036.25 1079.95 1036.96  980.46 1084.19 1025.78  984.63 1025.16
13.0     0.00228     0.00124    -0.00217     0.00120     0.00314     0.00122   -21.79434    12.42422 1036.25 1079.95 1036.96  980.46 1084.19 1025.78  984.63 1025.16
14.0     0.00207     0.00127    -0.00221     0.00123     0.00302     0.00124   -23.41916    13.37695 1036.25 1079.95 1036.96  980.46 1084.19 1025.78  984.63 1025.16
15.0     0.00182     0.00130    -0.00222     0.00126     0.00287     0.00127   -25.35416    14.74383 1036.25 1079.95 1036.96  980.46 1084.19 1025.78  984.63 1025.16
