# HD155197
# 2460830.51873
# apert     q         sq           u           su         PD          sPD        EVPA        sEVPA       x0     y0    x1       y1      x2     y2     x3      y3
13.0    -0.03256     0.00085    -0.02049     0.00084     0.03848     0.00085   -73.90687     0.63001 1037.80 1080.57 1038.29  981.18 1085.15 1026.55  985.74 1026.14
14.0    -0.03256     0.00086    -0.02049     0.00084     0.03847     0.00085   -73.90877     0.63473 1037.80 1080.57 1038.29  981.18 1085.15 1026.55  985.74 1026.14
15.0    -0.03249     0.00086    -0.02032     0.00085     0.03833     0.00086   -73.98651     0.64269 1037.80 1080.57 1038.29  981.18 1085.15 1026.55  985.74 1026.14
16.0    -0.03242     0.00087    -0.02029     0.00086     0.03824     0.00087   -73.98123     0.65075 1037.80 1080.57 1038.29  981.18 1085.15 1026.55  985.74 1026.14
17.0    -0.03234     0.00088    -0.02026     0.00087     0.03816     0.00088   -73.96596     0.66003 1037.80 1080.57 1038.29  981.18 1085.15 1026.55  985.74 1026.14
18.0    -0.03231     0.00090    -0.02025     0.00088     0.03813     0.00089   -73.96402     0.66950 1037.80 1080.57 1038.29  981.18 1085.15 1026.55  985.74 1026.14
19.0    -0.03236     0.00091    -0.02017     0.00089     0.03813     0.00090   -74.03509     0.67974 1037.80 1080.57 1038.29  981.18 1085.15 1026.55  985.74 1026.14
