# HD154892
# 2460835.32293
# apert     q         sq           u           su         PD          sPD        EVPA        sEVPA       x0     y0    x1       y1      x2     y2     x3      y3
11.0     0.00035     0.00116    -0.00167     0.00116     0.00171     0.00116   -39.03307    27.16102 1031.71 1084.38 1032.20  985.11 1080.04 1029.87  980.66 1029.46
12.0     0.00013     0.00117    -0.00150     0.00117     0.00151     0.00117   -42.45096    61.44223 1031.71 1084.38 1032.20  985.11 1080.04 1029.87  980.66 1029.46
13.0     0.00003     0.00119    -0.00149     0.00118     0.00149     0.00118   -44.50362    61.44223 1031.71 1084.38 1032.20  985.11 1080.04 1029.87  980.66 1029.46
14.0    -0.00018     0.00120    -0.00110     0.00120     0.00111     0.00120   -49.56263    61.44223 1031.71 1084.38 1032.20  985.11 1080.04 1029.87  980.66 1029.46
15.0    -0.00035     0.00122    -0.00095     0.00122     0.00101     0.00122   -55.24472    61.44223 1031.71 1084.38 1032.20  985.11 1080.04 1029.87  980.66 1029.46
16.0    -0.00030     0.00125    -0.00085     0.00124     0.00090     0.00124   -54.76318    61.44223 1031.71 1084.38 1032.20  985.11 1080.04 1029.87  980.66 1029.46
17.0    -0.00019     0.00127    -0.00058     0.00126     0.00061     0.00126   -54.03601    61.44223 1031.71 1084.38 1032.20  985.11 1080.04 1029.87  980.66 1029.46
