# BD+40.2704
# 2460780.43961
# apert     q         sq           u           su         PD          sPD        EVPA        sEVPA       x0     y0    x1       y1      x2     y2     x3      y3
11.0     0.00226     0.00122     0.00243     0.00121     0.00332     0.00122    23.51362    11.58293 1039.14 1078.88 1039.86  979.45 1086.99 1024.87  987.56 1024.24
12.0     0.00237     0.00124     0.00240     0.00123     0.00337     0.00123    22.66321    11.55973 1039.14 1078.88 1039.86  979.45 1086.99 1024.87  987.56 1024.24
13.0     0.00231     0.00126     0.00248     0.00125     0.00339     0.00125    23.53417    11.70668 1039.14 1078.88 1039.86  979.45 1086.99 1024.87  987.56 1024.24
14.0     0.00232     0.00128     0.00267     0.00127     0.00354     0.00127    24.50608    11.33930 1039.14 1078.88 1039.86  979.45 1086.99 1024.87  987.56 1024.24
15.0     0.00218     0.00131     0.00272     0.00129     0.00349     0.00130    25.66264    11.80793 1039.14 1078.88 1039.86  979.45 1086.99 1024.87  987.56 1024.24
16.0     0.00217     0.00134     0.00278     0.00132     0.00352     0.00133    25.97421    11.96051 1039.14 1078.88 1039.86  979.45 1086.99 1024.87  987.56 1024.24
17.0     0.00234     0.00137     0.00268     0.00135     0.00356     0.00136    24.44461    12.19078 1039.14 1078.88 1039.86  979.45 1086.99 1024.87  987.56 1024.24
