# ST_L_107_602
# 2460783.54817
# apert     q         sq           u           su         PD          sPD        EVPA        sEVPA       x0     y0    x1       y1      x2     y2     x3      y3
11.0    -0.00533     0.00058     0.00340     0.00057     0.00632     0.00058    73.71926     2.63531 1040.70 1068.85 1042.03  969.04 1089.82 1013.59  990.90 1012.90
12.0    -0.00540     0.00058     0.00375     0.00058     0.00658     0.00058    72.63596     2.54320 1040.70 1068.85 1042.03  969.04 1089.82 1013.59  990.90 1012.90
13.0    -0.00558     0.00059     0.00394     0.00058     0.00683     0.00059    72.40349     2.46551 1040.70 1068.85 1042.03  969.04 1089.82 1013.59  990.90 1012.90
14.0    -0.00567     0.00059     0.00422     0.00059     0.00707     0.00059    71.67489     2.40557 1040.70 1068.85 1042.03  969.04 1089.82 1013.59  990.90 1012.90
15.0    -0.00569     0.00060     0.00429     0.00059     0.00712     0.00060    71.50676     2.41734 1040.70 1068.85 1042.03  969.04 1089.82 1013.59  990.90 1012.90
16.0    -0.00561     0.00061     0.00435     0.00060     0.00710     0.00061    71.09698     2.46103 1040.70 1068.85 1042.03  969.04 1089.82 1013.59  990.90 1012.90
17.0    -0.00551     0.00062     0.00448     0.00061     0.00710     0.00062    70.42637     2.49891 1040.70 1068.85 1042.03  969.04 1089.82 1013.59  990.90 1012.90
