# HD154892
# 2460835.32341
# apert     q         sq           u           su         PD          sPD        EVPA        sEVPA       x0     y0    x1       y1      x2     y2     x3      y3
11.0     0.00156     0.00115    -0.00284     0.00115     0.00324     0.00115   -30.56393    11.15789 1032.18 1084.87 1032.67  985.59 1080.81 1030.28  981.41 1029.87
12.0     0.00152     0.00116    -0.00283     0.00116     0.00321     0.00116   -30.91107    11.38887 1032.18 1084.87 1032.67  985.59 1080.81 1030.28  981.41 1029.87
13.0     0.00149     0.00118    -0.00301     0.00118     0.00336     0.00118   -31.85310    10.94695 1032.18 1084.87 1032.67  985.59 1080.81 1030.28  981.41 1029.87
14.0     0.00126     0.00119    -0.00314     0.00119     0.00339     0.00119   -34.09222    11.02711 1032.18 1084.87 1032.67  985.59 1080.81 1030.28  981.41 1029.87
15.0     0.00107     0.00121    -0.00307     0.00121     0.00325     0.00121   -35.36173    11.79527 1032.18 1084.87 1032.67  985.59 1080.81 1030.28  981.41 1029.87
16.0     0.00105     0.00123    -0.00327     0.00123     0.00344     0.00123   -36.06046    11.28129 1032.18 1084.87 1032.67  985.59 1080.81 1030.28  981.41 1029.87
17.0     0.00097     0.00126    -0.00329     0.00126     0.00343     0.00126   -36.76825    11.56289 1032.18 1084.87 1032.67  985.59 1080.81 1030.28  981.41 1029.87
