# BD+40.2704
# 2460829.30657
# apert     q         sq           u           su         PD          sPD        EVPA        sEVPA       x0     y0    x1       y1      x2     y2     x3      y3
11.0     0.00135     0.00104    -0.00118     0.00102     0.00180     0.00103   -20.62055    21.05437 1037.92 1083.22 1038.42  983.89 1082.90 1028.92  983.50 1028.51
12.0     0.00107     0.00105    -0.00131     0.00103     0.00169     0.00104   -25.42528    23.31738 1037.92 1083.22 1038.42  983.89 1082.90 1028.92  983.50 1028.51
13.0     0.00099     0.00106    -0.00131     0.00104     0.00164     0.00105   -26.39814    24.66211 1037.92 1083.22 1038.42  983.89 1082.90 1028.92  983.50 1028.51
14.0     0.00078     0.00108    -0.00121     0.00106     0.00144     0.00106   -28.59501    61.44223 1037.92 1083.22 1038.42  983.89 1082.90 1028.92  983.50 1028.51
15.0     0.00053     0.00109    -0.00123     0.00107     0.00134     0.00108   -33.32048    61.44223 1037.92 1083.22 1038.42  983.89 1082.90 1028.92  983.50 1028.51
16.0     0.00044     0.00111    -0.00121     0.00109     0.00128     0.00109   -34.98471    61.44223 1037.92 1083.22 1038.42  983.89 1082.90 1028.92  983.50 1028.51
17.0     0.00010     0.00113    -0.00107     0.00111     0.00108     0.00111   -42.22599    61.44223 1037.92 1083.22 1038.42  983.89 1082.90 1028.92  983.50 1028.51
