# BD+40.2704
# 2460780.43991
# apert     q         sq           u           su         PD          sPD        EVPA        sEVPA       x0     y0    x1       y1      x2     y2     x3      y3
11.0     0.00153     0.00123    -0.00235     0.00120     0.00281     0.00121   -28.44782    14.17781 1037.35 1079.13 1038.06  979.67 1085.45 1025.10  985.98 1024.47
12.0     0.00103     0.00124    -0.00245     0.00122     0.00266     0.00122   -33.58560    15.43043 1037.35 1079.13 1038.06  979.67 1085.45 1025.10  985.98 1024.47
13.0     0.00074     0.00126    -0.00242     0.00124     0.00253     0.00124   -36.56521    16.73543 1037.35 1079.13 1038.06  979.67 1085.45 1025.10  985.98 1024.47
14.0     0.00060     0.00129    -0.00240     0.00126     0.00248     0.00126   -37.95311    17.63613 1037.35 1079.13 1038.06  979.67 1085.45 1025.10  985.98 1024.47
15.0     0.00032     0.00131    -0.00246     0.00128     0.00248     0.00128   -41.33712    18.05062 1037.35 1079.13 1038.06  979.67 1085.45 1025.10  985.98 1024.47
16.0    -0.00001     0.00134    -0.00240     0.00131     0.00240     0.00131   -45.12598    19.54441 1037.35 1079.13 1038.06  979.67 1085.45 1025.10  985.98 1024.47
17.0    -0.00048     0.00137    -0.00230     0.00134     0.00235     0.00134   -50.83694    20.83957 1037.35 1079.13 1038.06  979.67 1085.45 1025.10  985.98 1024.47
