# Hiltner960
# 2460835.54900
# apert     q         sq           u           su         PD          sPD        EVPA        sEVPA       x0     y0    x1       y1      x2     y2     x3      y3
11.0    -0.01985     0.00096     0.04807     0.00093     0.05200     0.00093    56.21737     0.51506 1036.42 1076.24 1036.96  976.95 1084.87 1021.93  985.58 1021.48
12.0    -0.01996     0.00096     0.04818     0.00094     0.05215     0.00094    56.25115     0.51682 1036.42 1076.24 1036.96  976.95 1084.87 1021.93  985.58 1021.48
13.0    -0.01998     0.00097     0.04791     0.00094     0.05191     0.00095    56.31948     0.52280 1036.42 1076.24 1036.96  976.95 1084.87 1021.93  985.58 1021.48
14.0    -0.01974     0.00097     0.04758     0.00095     0.05152     0.00095    56.26439     0.53074 1036.42 1076.24 1036.96  976.95 1084.87 1021.93  985.58 1021.48
15.0    -0.01948     0.00098     0.04723     0.00096     0.05109     0.00096    56.20895     0.53981 1036.42 1076.24 1036.96  976.95 1084.87 1021.93  985.58 1021.48
16.0    -0.01942     0.00099     0.04718     0.00097     0.05103     0.00097    56.18795     0.54645 1036.42 1076.24 1036.96  976.95 1084.87 1021.93  985.58 1021.48
17.0    -0.01966     0.00101     0.04741     0.00098     0.05132     0.00099    56.26089     0.55088 1036.42 1076.24 1036.96  976.95 1084.87 1021.93  985.58 1021.48
