# BD+40.2704
# 2460830.27736
# apert     q         sq           u           su         PD          sPD        EVPA        sEVPA       x0     y0    x1       y1      x2     y2     x3      y3
11.0     0.00328     0.00100    -0.00161     0.00098     0.00366     0.00100   -13.03853     8.22762 1035.95 1078.65 1036.50  979.29 1084.72 1024.53  985.38 1024.06
12.0     0.00308     0.00101    -0.00148     0.00098     0.00342     0.00101   -12.81639     8.96098 1035.95 1078.65 1036.50  979.29 1084.72 1024.53  985.38 1024.06
13.0     0.00312     0.00102    -0.00118     0.00099     0.00334     0.00102   -10.34424     9.33012 1035.95 1078.65 1036.50  979.29 1084.72 1024.53  985.38 1024.06
14.0     0.00317     0.00103    -0.00094     0.00101     0.00330     0.00103    -8.26990     9.59273 1035.95 1078.65 1036.50  979.29 1084.72 1024.53  985.38 1024.06
15.0     0.00327     0.00105    -0.00075     0.00102     0.00336     0.00105    -6.47814     9.57797 1035.95 1078.65 1036.50  979.29 1084.72 1024.53  985.38 1024.06
16.0     0.00331     0.00107    -0.00044     0.00104     0.00334     0.00107    -3.80698     9.82020 1035.95 1078.65 1036.50  979.29 1084.72 1024.53  985.38 1024.06
17.0     0.00334     0.00109    -0.00032     0.00106     0.00336     0.00109    -2.77110     9.98648 1035.95 1078.65 1036.50  979.29 1084.72 1024.53  985.38 1024.06
