# BD+28.4211
# 2460835.58190
# apert     q         sq           u           su         PD          sPD        EVPA        sEVPA       x0     y0    x1       y1      x2     y2     x3      y3
 9.0     0.00448     0.00094    -0.00210     0.00093     0.00495     0.00094   -12.56810     5.58176 1037.49 1083.16 1038.05  983.81 1085.68 1028.87  986.27 1028.43
10.0     0.00423     0.00095    -0.00229     0.00093     0.00481     0.00094   -14.25265     5.76334 1037.49 1083.16 1038.05  983.81 1085.68 1028.87  986.27 1028.43
11.0     0.00408     0.00095    -0.00233     0.00093     0.00470     0.00095   -14.86554     5.92207 1037.49 1083.16 1038.05  983.81 1085.68 1028.87  986.27 1028.43
12.0     0.00407     0.00095    -0.00229     0.00094     0.00467     0.00095   -14.68664     6.00082 1037.49 1083.16 1038.05  983.81 1085.68 1028.87  986.27 1028.43
13.0     0.00402     0.00096    -0.00220     0.00095     0.00458     0.00096   -14.32351     6.17730 1037.49 1083.16 1038.05  983.81 1085.68 1028.87  986.27 1028.43
14.0     0.00404     0.00097    -0.00198     0.00096     0.00450     0.00097   -13.04290     6.36504 1037.49 1083.16 1038.05  983.81 1085.68 1028.87  986.27 1028.43
15.0     0.00410     0.00098    -0.00182     0.00097     0.00448     0.00098   -11.97883     6.48703 1037.49 1083.16 1038.05  983.81 1085.68 1028.87  986.27 1028.43
