# Hiltner960
# 2460835.54841
# apert     q         sq           u           su         PD          sPD        EVPA        sEVPA       x0     y0    x1       y1      x2     y2     x3      y3
11.0    -0.01770     0.00095     0.04960     0.00093     0.05266     0.00093    54.81819     0.50735 1037.66 1077.63 1038.20  978.36 1086.16 1023.34  986.87 1022.88
12.0    -0.01778     0.00096     0.04957     0.00094     0.05266     0.00094    54.86460     0.51073 1037.66 1077.63 1038.20  978.36 1086.16 1023.34  986.87 1022.88
13.0    -0.01769     0.00097     0.04945     0.00094     0.05252     0.00095    54.84330     0.51585 1037.66 1077.63 1038.20  978.36 1086.16 1023.34  986.87 1022.88
14.0    -0.01746     0.00097     0.04911     0.00095     0.05212     0.00095    54.78528     0.52356 1037.66 1077.63 1038.20  978.36 1086.16 1023.34  986.87 1022.88
15.0    -0.01709     0.00098     0.04887     0.00096     0.05177     0.00096    54.63653     0.53146 1037.66 1077.63 1038.20  978.36 1086.16 1023.34  986.87 1022.88
16.0    -0.01715     0.00099     0.04876     0.00097     0.05169     0.00097    54.68991     0.53810 1037.66 1077.63 1038.20  978.36 1086.16 1023.34  986.87 1022.88
17.0    -0.01717     0.00100     0.04879     0.00098     0.05173     0.00098    54.69407     0.54531 1037.66 1077.63 1038.20  978.36 1086.16 1023.34  986.87 1022.88
