#Name   JD    P   sP    PA[deg]  sPA[deg]   q        sq       u        su   x0    y0    x1   y1   x2    y2    x3    y3
Mark_17         2460459.37992   0.00266   0.00142  -26.42   18.96  0.00161  0.00145 -0.00212  0.00141  1030.94  1080.92  1031.36   981.45  1076.62  1026.37   977.27  1026.03
Mark_17         2460459.38014   0.00400   0.00143  -21.13   11.25  0.00296  0.00145 -0.00269  0.00141  1030.41  1080.26  1030.78   980.84  1076.22  1025.61   976.74  1025.38
Mark_17         2460459.38036   0.00193   0.00144   11.58   61.44  0.00177  0.00144  0.00076  0.00140  1030.25  1079.87  1030.62   980.47  1076.38  1025.51   977.01  1025.17
Mark_17         2460459.38058   0.01500   0.00143   -1.81    2.76  0.01497  0.00143 -0.00095  0.00141  1030.48  1081.82  1030.78   982.47  1076.49  1027.36   977.07  1027.03
Mark_17         2460459.38080   0.00128   0.00144  -73.36   61.44 -0.00107  0.00145 -0.00070  0.00141  1029.62  1081.23  1030.01   981.82  1075.63  1026.93   976.26  1026.57
Mark_17         2460459.38102   0.00381   0.00141   53.88   11.75 -0.00116  0.00145  0.00363  0.00141  1029.51  1081.07  1029.94   981.62  1076.03  1026.67   976.68  1026.34
Mark_17         2460459.38124   0.00392   0.00141  -38.70   11.38  0.00085  0.00145 -0.00382  0.00141  1029.22  1080.59  1029.60   981.19  1075.55  1026.44   976.14  1026.02
Mark_17         2460459.38146   0.00147   0.00142  -28.09   61.44  0.00082  0.00144 -0.00122  0.00141  1032.05  1082.63  1032.46   983.20  1078.02  1027.64   978.59  1027.44
Mark_17         2460459.38168   0.00132   0.00143    4.87   61.44  0.00130  0.00143  0.00022  0.00140  1032.25  1082.23  1032.63   982.79  1077.56  1027.41   978.25  1027.02
