# BD+40.2704
# 2460835.29510
# apert     q         sq           u           su         PD          sPD        EVPA        sEVPA       x0     y0    x1       y1      x2     y2     x3      y3
11.0     0.00071     0.00116    -0.00250     0.00113     0.00260     0.00113   -37.03344    14.32582 1041.85 1080.79 1042.31  981.51 1090.06 1026.48  990.81 1026.08
12.0     0.00053     0.00117    -0.00252     0.00114     0.00258     0.00114   -39.09527    14.70902 1041.85 1080.79 1042.31  981.51 1090.06 1026.48  990.81 1026.08
13.0     0.00022     0.00118    -0.00263     0.00116     0.00264     0.00116   -42.63062    14.48367 1041.85 1080.79 1042.31  981.51 1090.06 1026.48  990.81 1026.08
14.0     0.00002     0.00120    -0.00290     0.00117     0.00290     0.00117   -44.85161    13.10309 1041.85 1080.79 1042.31  981.51 1090.06 1026.48  990.81 1026.08
15.0    -0.00021     0.00122    -0.00302     0.00119     0.00303     0.00119   -46.97085    12.66293 1041.85 1080.79 1042.31  981.51 1090.06 1026.48  990.81 1026.08
16.0    -0.00057     0.00125    -0.00330     0.00122     0.00335     0.00122   -49.91424    11.44301 1041.85 1080.79 1042.31  981.51 1090.06 1026.48  990.81 1026.08
17.0    -0.00094     0.00127    -0.00345     0.00124     0.00358     0.00124   -52.62009    10.88367 1041.85 1080.79 1042.31  981.51 1090.06 1026.48  990.81 1026.08
