# HD183143
# 2460830.56201
# apert     q         sq           u           su         PD          sPD        EVPA        sEVPA       x0     y0    x1       y1      x2     y2     x3      y3
13.0     0.06237     0.00077    -0.00433     0.00076     0.06252     0.00077    -1.98632     0.35285 1037.81 1082.12 1038.31  982.83 1084.36 1028.11  985.00 1027.71
14.0     0.06230     0.00077    -0.00419     0.00076     0.06244     0.00077    -1.92537     0.35536 1037.81 1082.12 1038.31  982.83 1084.36 1028.11  985.00 1027.71
15.0     0.06229     0.00078    -0.00415     0.00077     0.06243     0.00078    -1.90413     0.35794 1037.81 1082.12 1038.31  982.83 1084.36 1028.11  985.00 1027.71
16.0     0.06228     0.00079    -0.00396     0.00077     0.06241     0.00079    -1.81789     0.36110 1037.81 1082.12 1038.31  982.83 1084.36 1028.11  985.00 1027.71
17.0     0.06228     0.00079    -0.00378     0.00078     0.06239     0.00079    -1.73880     0.36479 1037.81 1082.12 1038.31  982.83 1084.36 1028.11  985.00 1027.71
18.0     0.06220     0.00080    -0.00355     0.00079     0.06230     0.00080    -1.63482     0.36946 1037.81 1082.12 1038.31  982.83 1084.36 1028.11  985.00 1027.71
19.0     0.06222     0.00081    -0.00338     0.00080     0.06232     0.00081    -1.55268     0.37410 1037.81 1082.12 1038.31  982.83 1084.36 1028.11  985.00 1027.71
