# ST_Z_BD+35.2256
# 2460780.46928
# apert     q         sq           u           su         PD          sPD        EVPA        sEVPA       x0     y0    x1       y1      x2     y2     x3      y3
 9.0     0.00147     0.00115     0.00020     0.00112     0.00149     0.00115     3.89171    61.44223 1035.91 1080.43 1036.63  980.94 1083.65 1026.21  984.08 1025.59
10.0     0.00121     0.00116     0.00023     0.00113     0.00123     0.00116     5.35042    61.44223 1035.91 1080.43 1036.63  980.94 1083.65 1026.21  984.08 1025.59
11.0     0.00112     0.00118     0.00017     0.00115     0.00113     0.00118     4.41958    61.44223 1035.91 1080.43 1036.63  980.94 1083.65 1026.21  984.08 1025.59
12.0     0.00096     0.00120     0.00019     0.00117     0.00098     0.00120     5.55136    61.44223 1035.91 1080.43 1036.63  980.94 1083.65 1026.21  984.08 1025.59
13.0     0.00054     0.00123     0.00018     0.00119     0.00056     0.00122     9.19935    61.44223 1035.91 1080.43 1036.63  980.94 1083.65 1026.21  984.08 1025.59
14.0     0.00012     0.00125     0.00014     0.00122     0.00019     0.00123    25.21592    61.44223 1035.91 1080.43 1036.63  980.94 1083.65 1026.21  984.08 1025.59
15.0    -0.00001     0.00129     0.00012     0.00125     0.00012     0.00125    46.48242    61.44223 1035.91 1080.43 1036.63  980.94 1083.65 1026.21  984.08 1025.59
